/*--------------------------------*- C++ -*----------------------------------*\
| =========                 |                                                 |
| \\      /  F ield         | OpenFOAM: The Open Source CFD Toolbox           |
|  \\    /   O peration     | Version:  2112                                  |
|   \\  /    A nd           | Website:  www.openfoam.com                      |
|    \\/     M anipulation  |                                                 |
\*---------------------------------------------------------------------------*/
FoamFile
{
    version     2.0;
    format      ascii;
    arch        "LSB;label=64;scalar=64";
    note        "nPoints:2544  nCells:1184  nFaces:4824  nInternalFaces:2280";
    class       labelList;
    location    "constant/polyMesh";
    object      neighbour;
}
// * * * * * * * * * * * * * * * * * * * * * * * * * * * * * * * * * * * * * //


2280
(
1
8
2
9
3
10
4
11
5
12
6
13
7
14
15
160
9
16
10
17
11
18
12
19
13
20
14
21
15
22
23
164
17
24
18
25
19
26
20
27
21
28
22
29
23
30
31
168
25
32
26
33
27
34
28
35
29
36
30
37
31
38
39
172
33
40
34
41
35
42
36
43
37
44
38
45
39
46
47
176
41
48
42
49
43
50
44
51
45
52
46
53
47
54
55
180
49
56
50
57
51
58
52
59
53
60
54
61
55
62
63
184
57
64
58
65
59
66
60
67
61
68
62
69
63
70
71
188
65
72
66
73
67
74
68
75
69
76
70
77
71
78
79
73
80
74
81
75
82
76
83
77
84
78
85
79
86
87
81
88
82
89
83
90
84
91
85
92
86
93
87
94
95
89
96
90
97
91
98
92
99
93
100
94
101
95
102
103
97
104
98
105
99
106
100
107
101
108
102
109
103
110
111
192
105
112
106
113
107
114
108
115
109
116
110
117
111
118
119
196
113
120
114
121
115
122
116
123
117
124
118
125
119
126
127
200
121
128
122
129
123
130
124
131
125
132
126
133
127
134
135
204
129
136
130
137
131
138
132
139
133
140
134
141
135
142
143
208
137
144
138
145
139
146
140
147
141
148
142
149
143
150
151
212
145
152
146
153
147
154
148
155
149
156
150
157
151
158
159
216
153
154
155
156
157
158
159
220
161
164
162
165
163
166
167
224
165
168
166
169
167
170
171
272
169
172
170
173
171
174
175
320
173
176
174
177
175
178
179
368
177
180
178
181
179
182
183
416
181
184
182
185
183
186
187
464
185
188
186
189
187
190
191
512
189
190
191
560
193
196
194
197
195
198
199
800
197
200
198
201
199
202
203
848
201
204
202
205
203
206
207
896
205
208
206
209
207
210
211
944
209
212
210
213
211
214
215
992
213
216
214
217
215
218
219
1040
217
220
218
221
219
222
223
1088
221
222
223
1136
225
272
226
273
227
274
228
275
229
276
230
277
231
278
232
279
233
280
234
281
235
282
236
283
237
284
238
285
239
286
240
287
241
288
242
289
243
290
244
291
245
292
246
293
247
294
248
295
249
296
250
297
251
298
252
299
253
300
254
301
255
302
256
303
257
304
258
305
259
306
260
307
261
308
262
309
263
310
264
311
265
312
266
313
267
314
268
315
269
316
270
317
271
318
319
273
320
274
321
275
322
276
323
277
324
278
325
279
326
280
327
281
328
282
329
283
330
284
331
285
332
286
333
287
334
288
335
289
336
290
337
291
338
292
339
293
340
294
341
295
342
296
343
297
344
298
345
299
346
300
347
301
348
302
349
303
350
304
351
305
352
306
353
307
354
308
355
309
356
310
357
311
358
312
359
313
360
314
361
315
362
316
363
317
364
318
365
319
366
367
321
368
322
369
323
370
324
371
325
372
326
373
327
374
328
375
329
376
330
377
331
378
332
379
333
380
334
381
335
382
336
383
337
384
338
385
339
386
340
387
341
388
342
389
343
390
344
391
345
392
346
393
347
394
348
395
349
396
350
397
351
398
352
399
353
400
354
401
355
402
356
403
357
404
358
405
359
406
360
407
361
408
362
409
363
410
364
411
365
412
366
413
367
414
415
369
416
370
417
371
418
372
419
373
420
374
421
375
422
376
423
377
424
378
425
379
426
380
427
381
428
382
429
383
430
384
431
385
432
386
433
387
434
388
435
389
436
390
437
391
438
392
439
393
440
394
441
395
442
396
443
397
444
398
445
399
446
400
447
401
448
402
449
403
450
404
451
405
452
406
453
407
454
408
455
409
456
410
457
411
458
412
459
413
460
414
461
415
462
463
417
464
418
465
419
466
420
467
421
468
422
469
423
470
424
471
425
472
426
473
427
474
428
475
429
476
430
477
431
478
432
479
433
480
434
481
435
482
436
483
437
484
438
485
439
486
440
487
441
488
442
489
443
490
444
491
445
492
446
493
447
494
448
495
449
496
450
497
451
498
452
499
453
500
454
501
455
502
456
503
457
504
458
505
459
506
460
507
461
508
462
509
463
510
511
465
512
466
513
467
514
468
515
469
516
470
517
471
518
472
519
473
520
474
521
475
522
476
523
477
524
478
525
479
526
480
527
481
528
482
529
483
530
484
531
485
532
486
533
487
534
488
535
489
536
490
537
491
538
492
539
493
540
494
541
495
542
496
543
497
544
498
545
499
546
500
547
501
548
502
549
503
550
504
551
505
552
506
553
507
554
508
555
509
556
510
557
511
558
559
513
560
514
561
515
562
516
563
517
564
518
565
519
566
520
567
521
568
522
569
523
570
524
571
525
572
526
573
527
574
528
575
529
576
530
577
531
578
532
579
533
580
534
581
535
582
536
583
537
584
538
585
539
586
540
587
541
588
542
589
543
590
544
591
545
592
546
593
547
594
548
595
549
596
550
597
551
598
552
599
553
600
554
601
555
602
556
603
557
604
558
605
559
606
607
561
608
562
609
563
610
564
611
565
612
566
613
567
614
568
615
569
616
570
617
571
618
572
619
573
620
574
621
575
622
576
623
577
624
578
625
579
626
580
627
581
628
582
629
583
630
584
631
585
632
586
633
587
634
588
635
589
636
590
637
591
638
592
639
593
640
594
641
595
642
596
643
597
644
598
645
599
646
600
647
601
648
602
649
603
650
604
651
605
652
606
653
607
654
655
609
656
610
657
611
658
612
659
613
660
614
661
615
662
616
663
617
664
618
665
619
666
620
667
621
668
622
669
623
670
624
671
625
672
626
673
627
674
628
675
629
676
630
677
631
678
632
679
633
680
634
681
635
682
636
683
637
684
638
685
639
686
640
687
641
688
642
689
643
690
644
691
645
692
646
693
647
694
648
695
649
696
650
697
651
698
652
699
653
700
654
701
655
702
703
657
704
658
705
659
706
660
707
661
708
662
709
663
710
664
711
665
712
666
713
667
714
668
715
669
716
670
717
671
718
672
719
673
720
674
721
675
722
676
723
677
724
678
725
679
726
680
727
681
728
682
729
683
730
684
731
685
732
686
733
687
734
688
735
689
736
690
737
691
738
692
739
693
740
694
741
695
742
696
743
697
744
698
745
699
746
700
747
701
748
702
749
703
750
751
705
752
706
753
707
754
708
755
709
756
710
757
711
758
712
759
713
760
714
761
715
762
716
763
717
764
718
765
719
766
720
767
721
768
722
769
723
770
724
771
725
772
726
773
727
774
728
775
729
776
730
777
731
778
732
779
733
780
734
781
735
782
736
783
737
784
738
785
739
786
740
787
741
788
742
789
743
790
744
791
745
792
746
793
747
794
748
795
749
796
750
797
751
798
799
753
800
754
801
755
802
756
803
757
804
758
805
759
806
760
807
761
808
762
809
763
810
764
811
765
812
766
813
767
814
768
815
769
816
770
817
771
818
772
819
773
820
774
821
775
822
776
823
777
824
778
825
779
826
780
827
781
828
782
829
783
830
784
831
785
832
786
833
787
834
788
835
789
836
790
837
791
838
792
839
793
840
794
841
795
842
796
843
797
844
798
845
799
846
847
801
848
802
849
803
850
804
851
805
852
806
853
807
854
808
855
809
856
810
857
811
858
812
859
813
860
814
861
815
862
816
863
817
864
818
865
819
866
820
867
821
868
822
869
823
870
824
871
825
872
826
873
827
874
828
875
829
876
830
877
831
878
832
879
833
880
834
881
835
882
836
883
837
884
838
885
839
886
840
887
841
888
842
889
843
890
844
891
845
892
846
893
847
894
895
849
896
850
897
851
898
852
899
853
900
854
901
855
902
856
903
857
904
858
905
859
906
860
907
861
908
862
909
863
910
864
911
865
912
866
913
867
914
868
915
869
916
870
917
871
918
872
919
873
920
874
921
875
922
876
923
877
924
878
925
879
926
880
927
881
928
882
929
883
930
884
931
885
932
886
933
887
934
888
935
889
936
890
937
891
938
892
939
893
940
894
941
895
942
943
897
944
898
945
899
946
900
947
901
948
902
949
903
950
904
951
905
952
906
953
907
954
908
955
909
956
910
957
911
958
912
959
913
960
914
961
915
962
916
963
917
964
918
965
919
966
920
967
921
968
922
969
923
970
924
971
925
972
926
973
927
974
928
975
929
976
930
977
931
978
932
979
933
980
934
981
935
982
936
983
937
984
938
985
939
986
940
987
941
988
942
989
943
990
991
945
992
946
993
947
994
948
995
949
996
950
997
951
998
952
999
953
1000
954
1001
955
1002
956
1003
957
1004
958
1005
959
1006
960
1007
961
1008
962
1009
963
1010
964
1011
965
1012
966
1013
967
1014
968
1015
969
1016
970
1017
971
1018
972
1019
973
1020
974
1021
975
1022
976
1023
977
1024
978
1025
979
1026
980
1027
981
1028
982
1029
983
1030
984
1031
985
1032
986
1033
987
1034
988
1035
989
1036
990
1037
991
1038
1039
993
1040
994
1041
995
1042
996
1043
997
1044
998
1045
999
1046
1000
1047
1001
1048
1002
1049
1003
1050
1004
1051
1005
1052
1006
1053
1007
1054
1008
1055
1009
1056
1010
1057
1011
1058
1012
1059
1013
1060
1014
1061
1015
1062
1016
1063
1017
1064
1018
1065
1019
1066
1020
1067
1021
1068
1022
1069
1023
1070
1024
1071
1025
1072
1026
1073
1027
1074
1028
1075
1029
1076
1030
1077
1031
1078
1032
1079
1033
1080
1034
1081
1035
1082
1036
1083
1037
1084
1038
1085
1039
1086
1087
1041
1088
1042
1089
1043
1090
1044
1091
1045
1092
1046
1093
1047
1094
1048
1095
1049
1096
1050
1097
1051
1098
1052
1099
1053
1100
1054
1101
1055
1102
1056
1103
1057
1104
1058
1105
1059
1106
1060
1107
1061
1108
1062
1109
1063
1110
1064
1111
1065
1112
1066
1113
1067
1114
1068
1115
1069
1116
1070
1117
1071
1118
1072
1119
1073
1120
1074
1121
1075
1122
1076
1123
1077
1124
1078
1125
1079
1126
1080
1127
1081
1128
1082
1129
1083
1130
1084
1131
1085
1132
1086
1133
1087
1134
1135
1089
1136
1090
1137
1091
1138
1092
1139
1093
1140
1094
1141
1095
1142
1096
1143
1097
1144
1098
1145
1099
1146
1100
1147
1101
1148
1102
1149
1103
1150
1104
1151
1105
1152
1106
1153
1107
1154
1108
1155
1109
1156
1110
1157
1111
1158
1112
1159
1113
1160
1114
1161
1115
1162
1116
1163
1117
1164
1118
1165
1119
1166
1120
1167
1121
1168
1122
1169
1123
1170
1124
1171
1125
1172
1126
1173
1127
1174
1128
1175
1129
1176
1130
1177
1131
1178
1132
1179
1133
1180
1134
1181
1135
1182
1183
1137
1138
1139
1140
1141
1142
1143
1144
1145
1146
1147
1148
1149
1150
1151
1152
1153
1154
1155
1156
1157
1158
1159
1160
1161
1162
1163
1164
1165
1166
1167
1168
1169
1170
1171
1172
1173
1174
1175
1176
1177
1178
1179
1180
1181
1182
1183
)


// ************************************************************************* //
