/*--------------------------------*- C++ -*----------------------------------*\
| =========                 |                                                 |
| \\      /  F ield         | OpenFOAM: The Open Source CFD Toolbox           |
|  \\    /   O peration     | Version:  plus                                  |
|   \\  /    A nd           | Website:  www.openfoam.com                      |
|    \\/     M anipulation  |                                                 |
\*---------------------------------------------------------------------------*/
FoamFile
{
    version     2.0;
    format      ascii;
    class       labelList;
    note        "nPoints:5922  nCells:2800  nFaces:11360  nInternalFaces:5440";
    location    "constant/solid/polyMesh";
    object      owner;
}
// * * * * * * * * * * * * * * * * * * * * * * * * * * * * * * * * * * * * * //


11360
(
0
0
1
1
2
2
3
3
4
4
5
5
6
6
7
7
8
8
9
9
10
10
11
11
12
12
13
13
14
14
15
15
16
16
17
17
18
18
19
20
20
21
21
22
22
23
23
24
24
25
25
26
26
27
27
28
28
29
29
30
30
31
31
32
32
33
33
34
34
35
35
36
36
37
37
38
38
39
40
40
41
41
42
42
43
43
44
44
45
45
46
46
47
47
48
48
49
49
50
50
51
51
52
52
53
53
54
54
55
55
56
56
57
57
58
58
59
60
60
61
61
62
62
63
63
64
64
65
65
66
66
67
67
68
68
69
69
70
70
71
71
72
72
73
73
74
74
75
75
76
76
77
77
78
78
79
80
80
81
81
82
82
83
83
84
84
85
85
86
86
87
87
88
88
89
89
90
90
91
91
92
92
93
93
94
94
95
95
96
96
97
97
98
98
99
100
100
101
101
102
102
103
103
104
104
105
105
106
106
107
107
108
108
109
109
110
110
111
111
112
112
113
113
114
114
115
115
116
116
117
117
118
118
119
120
120
121
121
122
122
123
123
124
124
125
125
126
126
127
127
128
128
129
129
130
130
131
131
132
132
133
133
134
134
135
135
136
136
137
137
138
138
139
140
140
141
141
142
142
143
143
144
144
145
145
146
146
147
147
148
148
149
149
150
150
151
151
152
152
153
153
154
154
155
155
156
156
157
157
158
158
159
160
160
161
161
162
162
163
163
164
164
165
165
166
166
167
167
168
168
169
169
170
170
171
171
172
172
173
173
174
174
175
175
176
176
177
177
178
178
179
180
180
181
181
182
182
183
183
184
184
185
185
186
186
187
187
188
188
189
189
190
190
191
191
192
192
193
193
194
194
195
195
196
196
197
197
198
198
199
200
200
201
201
202
202
203
203
204
204
205
205
206
206
207
207
208
208
209
209
210
210
211
211
212
212
213
213
214
214
215
215
216
216
217
217
218
218
219
220
220
221
221
222
222
223
223
224
224
225
225
226
226
227
227
228
228
229
229
230
230
231
231
232
232
233
233
234
234
235
235
236
236
237
237
238
238
239
240
240
241
241
242
242
243
243
244
244
245
245
246
246
247
247
248
248
249
249
250
250
251
251
252
252
253
253
254
254
255
255
256
256
257
257
258
258
259
260
260
261
261
262
262
263
263
264
264
265
265
266
266
267
267
268
268
269
269
270
270
271
271
272
272
273
273
274
274
275
275
276
276
277
277
278
278
279
280
280
281
281
282
282
283
283
284
284
285
285
286
286
287
287
288
288
289
289
290
290
291
291
292
292
293
293
294
294
295
295
296
296
297
297
298
298
299
300
300
301
301
302
302
303
303
304
304
305
305
306
306
307
307
308
308
309
309
310
310
311
311
312
312
313
313
314
314
315
315
316
316
317
317
318
318
319
320
320
321
321
322
322
323
323
324
324
325
325
326
326
327
327
328
328
329
329
330
330
331
331
332
332
333
333
334
334
335
335
336
336
337
337
338
338
339
340
340
341
341
342
342
343
343
344
344
345
345
346
346
347
347
348
348
349
349
350
350
351
351
352
352
353
353
354
354
355
355
356
356
357
357
358
358
359
360
360
361
361
362
362
363
363
364
364
365
365
366
366
367
367
368
368
369
369
370
370
371
371
372
372
373
373
374
374
375
375
376
376
377
377
378
378
379
380
380
381
381
382
382
383
383
384
384
385
385
386
386
387
387
388
388
389
389
390
390
391
391
392
392
393
393
394
394
395
395
396
396
397
397
398
398
399
400
400
401
401
402
402
403
403
404
404
405
405
406
406
407
407
408
408
409
409
410
410
411
411
412
412
413
413
414
414
415
415
416
416
417
417
418
418
419
420
420
421
421
422
422
423
423
424
424
425
425
426
426
427
427
428
428
429
429
430
430
431
431
432
432
433
433
434
434
435
435
436
436
437
437
438
438
439
440
440
441
441
442
442
443
443
444
444
445
445
446
446
447
447
448
448
449
449
450
450
451
451
452
452
453
453
454
454
455
455
456
456
457
457
458
458
459
460
460
461
461
462
462
463
463
464
464
465
465
466
466
467
467
468
468
469
469
470
470
471
471
472
472
473
473
474
474
475
475
476
476
477
477
478
478
479
480
480
481
481
482
482
483
483
484
484
485
485
486
486
487
487
488
488
489
489
490
490
491
491
492
492
493
493
494
494
495
495
496
496
497
497
498
498
499
500
500
501
501
502
502
503
503
504
504
505
505
506
506
507
507
508
508
509
509
510
510
511
511
512
512
513
513
514
514
515
515
516
516
517
517
518
518
519
520
520
521
521
522
522
523
523
524
524
525
525
526
526
527
527
528
528
529
529
530
530
531
531
532
532
533
533
534
534
535
535
536
536
537
537
538
538
539
540
540
541
541
542
542
543
543
544
544
545
545
546
546
547
547
548
548
549
549
550
550
551
551
552
552
553
553
554
554
555
555
556
556
557
557
558
558
559
560
560
561
561
562
562
563
563
564
564
565
565
566
566
567
567
568
568
569
569
570
570
571
571
572
572
573
573
574
574
575
575
576
576
577
577
578
578
579
580
580
581
581
582
582
583
583
584
584
585
585
586
586
587
587
588
588
589
589
590
590
591
591
592
592
593
593
594
594
595
595
596
596
597
597
598
598
599
600
600
601
601
602
602
603
603
604
604
605
605
606
606
607
607
608
608
609
609
610
610
611
611
612
612
613
613
614
614
615
615
616
616
617
617
618
618
619
620
620
621
621
622
622
623
623
624
624
625
625
626
626
627
627
628
628
629
629
630
630
631
631
632
632
633
633
634
634
635
635
636
636
637
637
638
638
639
640
640
641
641
642
642
643
643
644
644
645
645
646
646
647
647
648
648
649
649
650
650
651
651
652
652
653
653
654
654
655
655
656
656
657
657
658
658
659
660
660
661
661
662
662
663
663
664
664
665
665
666
666
667
667
668
668
669
669
670
670
671
671
672
672
673
673
674
674
675
675
676
676
677
677
678
678
679
680
680
681
681
682
682
683
683
684
684
685
685
686
686
687
687
688
688
689
689
690
690
691
691
692
692
693
693
694
694
695
695
696
696
697
697
698
698
699
700
700
701
701
702
702
703
703
704
704
705
705
706
706
707
707
708
708
709
709
710
710
711
711
712
712
713
713
714
714
715
715
716
716
717
717
718
718
719
720
720
721
721
722
722
723
723
724
724
725
725
726
726
727
727
728
728
729
729
730
730
731
731
732
732
733
733
734
734
735
735
736
736
737
737
738
738
739
740
740
741
741
742
742
743
743
744
744
745
745
746
746
747
747
748
748
749
749
750
750
751
751
752
752
753
753
754
754
755
755
756
756
757
757
758
758
759
760
760
761
761
762
762
763
763
764
764
765
765
766
766
767
767
768
768
769
769
770
770
771
771
772
772
773
773
774
774
775
775
776
776
777
777
778
778
779
780
780
781
781
782
782
783
783
784
784
785
785
786
786
787
787
788
788
789
789
790
790
791
791
792
792
793
793
794
794
795
795
796
796
797
797
798
798
799
800
800
801
801
802
802
803
803
804
804
805
805
806
806
807
807
808
808
809
809
810
810
811
811
812
812
813
813
814
814
815
815
816
816
817
817
818
818
819
820
820
821
821
822
822
823
823
824
824
825
825
826
826
827
827
828
828
829
829
830
830
831
831
832
832
833
833
834
834
835
835
836
836
837
837
838
838
839
840
840
841
841
842
842
843
843
844
844
845
845
846
846
847
847
848
848
849
849
850
850
851
851
852
852
853
853
854
854
855
855
856
856
857
857
858
858
859
860
860
861
861
862
862
863
863
864
864
865
865
866
866
867
867
868
868
869
869
870
870
871
871
872
872
873
873
874
874
875
875
876
876
877
877
878
878
879
880
880
881
881
882
882
883
883
884
884
885
885
886
886
887
887
888
888
889
889
890
890
891
891
892
892
893
893
894
894
895
895
896
896
897
897
898
898
899
900
900
901
901
902
902
903
903
904
904
905
905
906
906
907
907
908
908
909
909
910
910
911
911
912
912
913
913
914
914
915
915
916
916
917
917
918
918
919
920
920
921
921
922
922
923
923
924
924
925
925
926
926
927
927
928
928
929
929
930
930
931
931
932
932
933
933
934
934
935
935
936
936
937
937
938
938
939
940
940
941
941
942
942
943
943
944
944
945
945
946
946
947
947
948
948
949
949
950
950
951
951
952
952
953
953
954
954
955
955
956
956
957
957
958
958
959
960
960
961
961
962
962
963
963
964
964
965
965
966
966
967
967
968
968
969
969
970
970
971
971
972
972
973
973
974
974
975
975
976
976
977
977
978
978
979
980
980
981
981
982
982
983
983
984
984
985
985
986
986
987
987
988
988
989
989
990
990
991
991
992
992
993
993
994
994
995
995
996
996
997
997
998
998
999
1000
1000
1001
1001
1002
1002
1003
1003
1004
1004
1005
1005
1006
1006
1007
1007
1008
1008
1009
1009
1010
1010
1011
1011
1012
1012
1013
1013
1014
1014
1015
1015
1016
1016
1017
1017
1018
1018
1019
1020
1020
1021
1021
1022
1022
1023
1023
1024
1024
1025
1025
1026
1026
1027
1027
1028
1028
1029
1029
1030
1030
1031
1031
1032
1032
1033
1033
1034
1034
1035
1035
1036
1036
1037
1037
1038
1038
1039
1040
1040
1041
1041
1042
1042
1043
1043
1044
1044
1045
1045
1046
1046
1047
1047
1048
1048
1049
1049
1050
1050
1051
1051
1052
1052
1053
1053
1054
1054
1055
1055
1056
1056
1057
1057
1058
1058
1059
1060
1060
1061
1061
1062
1062
1063
1063
1064
1064
1065
1065
1066
1066
1067
1067
1068
1068
1069
1069
1070
1070
1071
1071
1072
1072
1073
1073
1074
1074
1075
1075
1076
1076
1077
1077
1078
1078
1079
1080
1080
1081
1081
1082
1082
1083
1083
1084
1084
1085
1085
1086
1086
1087
1087
1088
1088
1089
1089
1090
1090
1091
1091
1092
1092
1093
1093
1094
1094
1095
1095
1096
1096
1097
1097
1098
1098
1099
1100
1100
1101
1101
1102
1102
1103
1103
1104
1104
1105
1105
1106
1106
1107
1107
1108
1108
1109
1109
1110
1110
1111
1111
1112
1112
1113
1113
1114
1114
1115
1115
1116
1116
1117
1117
1118
1118
1119
1120
1120
1121
1121
1122
1122
1123
1123
1124
1124
1125
1125
1126
1126
1127
1127
1128
1128
1129
1129
1130
1130
1131
1131
1132
1132
1133
1133
1134
1134
1135
1135
1136
1136
1137
1137
1138
1138
1139
1140
1140
1141
1141
1142
1142
1143
1143
1144
1144
1145
1145
1146
1146
1147
1147
1148
1148
1149
1149
1150
1150
1151
1151
1152
1152
1153
1153
1154
1154
1155
1155
1156
1156
1157
1157
1158
1158
1159
1160
1160
1161
1161
1162
1162
1163
1163
1164
1164
1165
1165
1166
1166
1167
1167
1168
1168
1169
1169
1170
1170
1171
1171
1172
1172
1173
1173
1174
1174
1175
1175
1176
1176
1177
1177
1178
1178
1179
1180
1180
1181
1181
1182
1182
1183
1183
1184
1184
1185
1185
1186
1186
1187
1187
1188
1188
1189
1189
1190
1190
1191
1191
1192
1192
1193
1193
1194
1194
1195
1195
1196
1196
1197
1197
1198
1198
1199
1200
1200
1201
1201
1202
1202
1203
1203
1204
1204
1205
1205
1206
1206
1207
1207
1208
1208
1209
1209
1210
1210
1211
1211
1212
1212
1213
1213
1214
1214
1215
1215
1216
1216
1217
1217
1218
1218
1219
1219
1220
1220
1221
1221
1222
1222
1223
1223
1224
1224
1225
1225
1226
1226
1227
1227
1228
1228
1229
1229
1230
1230
1231
1231
1232
1232
1233
1233
1234
1234
1235
1235
1236
1236
1237
1237
1238
1238
1239
1239
1240
1240
1241
1241
1242
1242
1243
1243
1244
1244
1245
1245
1246
1246
1247
1247
1248
1248
1249
1249
1250
1250
1251
1251
1252
1252
1253
1253
1254
1254
1255
1255
1256
1256
1257
1257
1258
1258
1259
1259
1260
1260
1261
1261
1262
1262
1263
1263
1264
1264
1265
1265
1266
1266
1267
1267
1268
1268
1269
1269
1270
1270
1271
1271
1272
1272
1273
1273
1274
1274
1275
1275
1276
1276
1277
1277
1278
1278
1279
1279
1280
1280
1281
1281
1282
1282
1283
1283
1284
1284
1285
1285
1286
1286
1287
1287
1288
1288
1289
1289
1290
1290
1291
1291
1292
1292
1293
1293
1294
1294
1295
1295
1296
1296
1297
1297
1298
1298
1299
1299
1300
1300
1301
1301
1302
1302
1303
1303
1304
1304
1305
1305
1306
1306
1307
1307
1308
1308
1309
1309
1310
1310
1311
1311
1312
1312
1313
1313
1314
1314
1315
1315
1316
1316
1317
1317
1318
1318
1319
1319
1320
1320
1321
1321
1322
1322
1323
1323
1324
1324
1325
1325
1326
1326
1327
1327
1328
1328
1329
1329
1330
1330
1331
1331
1332
1332
1333
1333
1334
1334
1335
1335
1336
1336
1337
1337
1338
1338
1339
1339
1340
1340
1341
1341
1342
1342
1343
1343
1344
1344
1345
1345
1346
1346
1347
1347
1348
1348
1349
1349
1350
1350
1351
1351
1352
1352
1353
1353
1354
1354
1355
1355
1356
1356
1357
1357
1358
1358
1359
1359
1360
1360
1361
1361
1362
1362
1363
1363
1364
1364
1365
1365
1366
1366
1367
1367
1368
1368
1369
1369
1370
1370
1371
1371
1372
1372
1373
1373
1374
1374
1375
1375
1376
1376
1377
1377
1378
1378
1379
1379
1380
1380
1381
1381
1382
1382
1383
1383
1384
1384
1385
1385
1386
1386
1387
1387
1388
1388
1389
1389
1390
1390
1391
1391
1392
1392
1393
1393
1394
1394
1395
1395
1396
1396
1397
1397
1398
1398
1399
1399
1400
1400
1401
1401
1402
1402
1403
1403
1404
1404
1405
1405
1406
1406
1407
1407
1408
1408
1409
1409
1410
1410
1411
1411
1412
1412
1413
1413
1414
1414
1415
1415
1416
1416
1417
1417
1418
1418
1419
1419
1420
1420
1421
1421
1422
1422
1423
1423
1424
1424
1425
1425
1426
1426
1427
1427
1428
1428
1429
1429
1430
1430
1431
1431
1432
1432
1433
1433
1434
1434
1435
1435
1436
1436
1437
1437
1438
1438
1439
1439
1440
1440
1441
1441
1442
1442
1443
1443
1444
1444
1445
1445
1446
1446
1447
1447
1448
1448
1449
1449
1450
1450
1451
1451
1452
1452
1453
1453
1454
1454
1455
1455
1456
1456
1457
1457
1458
1458
1459
1459
1460
1460
1461
1461
1462
1462
1463
1463
1464
1464
1465
1465
1466
1466
1467
1467
1468
1468
1469
1469
1470
1470
1471
1471
1472
1472
1473
1473
1474
1474
1475
1475
1476
1476
1477
1477
1478
1478
1479
1479
1480
1480
1481
1481
1482
1482
1483
1483
1484
1484
1485
1485
1486
1486
1487
1487
1488
1488
1489
1489
1490
1490
1491
1491
1492
1492
1493
1493
1494
1494
1495
1495
1496
1496
1497
1497
1498
1498
1499
1499
1500
1500
1501
1501
1502
1502
1503
1503
1504
1504
1505
1505
1506
1506
1507
1507
1508
1508
1509
1509
1510
1510
1511
1511
1512
1512
1513
1513
1514
1514
1515
1515
1516
1516
1517
1517
1518
1518
1519
1519
1520
1520
1521
1521
1522
1522
1523
1523
1524
1524
1525
1525
1526
1526
1527
1527
1528
1528
1529
1529
1530
1530
1531
1531
1532
1532
1533
1533
1534
1534
1535
1535
1536
1536
1537
1537
1538
1538
1539
1539
1540
1540
1541
1541
1542
1542
1543
1543
1544
1544
1545
1545
1546
1546
1547
1547
1548
1548
1549
1549
1550
1550
1551
1551
1552
1552
1553
1553
1554
1554
1555
1555
1556
1556
1557
1557
1558
1558
1559
1559
1560
1560
1561
1561
1562
1562
1563
1563
1564
1564
1565
1565
1566
1566
1567
1567
1568
1568
1569
1569
1570
1570
1571
1571
1572
1572
1573
1573
1574
1574
1575
1575
1576
1576
1577
1577
1578
1578
1579
1579
1580
1581
1582
1583
1584
1585
1586
1587
1588
1589
1590
1591
1592
1593
1594
1595
1596
1597
1598
1599
1600
1600
1601
1601
1602
1602
1603
1603
1604
1604
1605
1605
1606
1606
1607
1607
1608
1608
1609
1609
1610
1610
1611
1611
1612
1612
1613
1613
1614
1614
1615
1615
1616
1616
1617
1617
1618
1618
1619
1619
1620
1620
1621
1621
1622
1622
1623
1623
1624
1624
1625
1625
1626
1626
1627
1627
1628
1628
1629
1629
1630
1630
1631
1631
1632
1632
1633
1633
1634
1634
1635
1635
1636
1636
1637
1637
1638
1638
1639
1639
1640
1640
1641
1641
1642
1642
1643
1643
1644
1644
1645
1645
1646
1646
1647
1647
1648
1648
1649
1649
1650
1650
1651
1651
1652
1652
1653
1653
1654
1654
1655
1655
1656
1656
1657
1657
1658
1658
1659
1660
1660
1661
1661
1662
1662
1663
1663
1664
1664
1665
1665
1666
1666
1667
1667
1668
1668
1669
1669
1670
1670
1671
1671
1672
1672
1673
1673
1674
1674
1675
1675
1676
1676
1677
1677
1678
1678
1679
1679
1680
1680
1681
1681
1682
1682
1683
1683
1684
1684
1685
1685
1686
1686
1687
1687
1688
1688
1689
1689
1690
1690
1691
1691
1692
1692
1693
1693
1694
1694
1695
1695
1696
1696
1697
1697
1698
1698
1699
1699
1700
1700
1701
1701
1702
1702
1703
1703
1704
1704
1705
1705
1706
1706
1707
1707
1708
1708
1709
1709
1710
1710
1711
1711
1712
1712
1713
1713
1714
1714
1715
1715
1716
1716
1717
1717
1718
1718
1719
1720
1720
1721
1721
1722
1722
1723
1723
1724
1724
1725
1725
1726
1726
1727
1727
1728
1728
1729
1729
1730
1730
1731
1731
1732
1732
1733
1733
1734
1734
1735
1735
1736
1736
1737
1737
1738
1738
1739
1739
1740
1740
1741
1741
1742
1742
1743
1743
1744
1744
1745
1745
1746
1746
1747
1747
1748
1748
1749
1749
1750
1750
1751
1751
1752
1752
1753
1753
1754
1754
1755
1755
1756
1756
1757
1757
1758
1758
1759
1759
1760
1760
1761
1761
1762
1762
1763
1763
1764
1764
1765
1765
1766
1766
1767
1767
1768
1768
1769
1769
1770
1770
1771
1771
1772
1772
1773
1773
1774
1774
1775
1775
1776
1776
1777
1777
1778
1778
1779
1780
1780
1781
1781
1782
1782
1783
1783
1784
1784
1785
1785
1786
1786
1787
1787
1788
1788
1789
1789
1790
1790
1791
1791
1792
1792
1793
1793
1794
1794
1795
1795
1796
1796
1797
1797
1798
1798
1799
1799
1800
1800
1801
1801
1802
1802
1803
1803
1804
1804
1805
1805
1806
1806
1807
1807
1808
1808
1809
1809
1810
1810
1811
1811
1812
1812
1813
1813
1814
1814
1815
1815
1816
1816
1817
1817
1818
1818
1819
1819
1820
1820
1821
1821
1822
1822
1823
1823
1824
1824
1825
1825
1826
1826
1827
1827
1828
1828
1829
1829
1830
1830
1831
1831
1832
1832
1833
1833
1834
1834
1835
1835
1836
1836
1837
1837
1838
1838
1839
1840
1840
1841
1841
1842
1842
1843
1843
1844
1844
1845
1845
1846
1846
1847
1847
1848
1848
1849
1849
1850
1850
1851
1851
1852
1852
1853
1853
1854
1854
1855
1855
1856
1856
1857
1857
1858
1858
1859
1859
1860
1860
1861
1861
1862
1862
1863
1863
1864
1864
1865
1865
1866
1866
1867
1867
1868
1868
1869
1869
1870
1870
1871
1871
1872
1872
1873
1873
1874
1874
1875
1875
1876
1876
1877
1877
1878
1878
1879
1879
1880
1880
1881
1881
1882
1882
1883
1883
1884
1884
1885
1885
1886
1886
1887
1887
1888
1888
1889
1889
1890
1890
1891
1891
1892
1892
1893
1893
1894
1894
1895
1895
1896
1896
1897
1897
1898
1898
1899
1900
1900
1901
1901
1902
1902
1903
1903
1904
1904
1905
1905
1906
1906
1907
1907
1908
1908
1909
1909
1910
1910
1911
1911
1912
1912
1913
1913
1914
1914
1915
1915
1916
1916
1917
1917
1918
1918
1919
1919
1920
1920
1921
1921
1922
1922
1923
1923
1924
1924
1925
1925
1926
1926
1927
1927
1928
1928
1929
1929
1930
1930
1931
1931
1932
1932
1933
1933
1934
1934
1935
1935
1936
1936
1937
1937
1938
1938
1939
1939
1940
1940
1941
1941
1942
1942
1943
1943
1944
1944
1945
1945
1946
1946
1947
1947
1948
1948
1949
1949
1950
1950
1951
1951
1952
1952
1953
1953
1954
1954
1955
1955
1956
1956
1957
1957
1958
1958
1959
1960
1960
1961
1961
1962
1962
1963
1963
1964
1964
1965
1965
1966
1966
1967
1967
1968
1968
1969
1969
1970
1970
1971
1971
1972
1972
1973
1973
1974
1974
1975
1975
1976
1976
1977
1977
1978
1978
1979
1979
1980
1980
1981
1981
1982
1982
1983
1983
1984
1984
1985
1985
1986
1986
1987
1987
1988
1988
1989
1989
1990
1990
1991
1991
1992
1992
1993
1993
1994
1994
1995
1995
1996
1996
1997
1997
1998
1998
1999
1999
2000
2000
2001
2001
2002
2002
2003
2003
2004
2004
2005
2005
2006
2006
2007
2007
2008
2008
2009
2009
2010
2010
2011
2011
2012
2012
2013
2013
2014
2014
2015
2015
2016
2016
2017
2017
2018
2018
2019
2020
2020
2021
2021
2022
2022
2023
2023
2024
2024
2025
2025
2026
2026
2027
2027
2028
2028
2029
2029
2030
2030
2031
2031
2032
2032
2033
2033
2034
2034
2035
2035
2036
2036
2037
2037
2038
2038
2039
2039
2040
2040
2041
2041
2042
2042
2043
2043
2044
2044
2045
2045
2046
2046
2047
2047
2048
2048
2049
2049
2050
2050
2051
2051
2052
2052
2053
2053
2054
2054
2055
2055
2056
2056
2057
2057
2058
2058
2059
2059
2060
2060
2061
2061
2062
2062
2063
2063
2064
2064
2065
2065
2066
2066
2067
2067
2068
2068
2069
2069
2070
2070
2071
2071
2072
2072
2073
2073
2074
2074
2075
2075
2076
2076
2077
2077
2078
2078
2079
2080
2080
2081
2081
2082
2082
2083
2083
2084
2084
2085
2085
2086
2086
2087
2087
2088
2088
2089
2089
2090
2090
2091
2091
2092
2092
2093
2093
2094
2094
2095
2095
2096
2096
2097
2097
2098
2098
2099
2099
2100
2100
2101
2101
2102
2102
2103
2103
2104
2104
2105
2105
2106
2106
2107
2107
2108
2108
2109
2109
2110
2110
2111
2111
2112
2112
2113
2113
2114
2114
2115
2115
2116
2116
2117
2117
2118
2118
2119
2119
2120
2120
2121
2121
2122
2122
2123
2123
2124
2124
2125
2125
2126
2126
2127
2127
2128
2128
2129
2129
2130
2130
2131
2131
2132
2132
2133
2133
2134
2134
2135
2135
2136
2136
2137
2137
2138
2138
2139
2140
2140
2141
2141
2142
2142
2143
2143
2144
2144
2145
2145
2146
2146
2147
2147
2148
2148
2149
2149
2150
2150
2151
2151
2152
2152
2153
2153
2154
2154
2155
2155
2156
2156
2157
2157
2158
2158
2159
2159
2160
2160
2161
2161
2162
2162
2163
2163
2164
2164
2165
2165
2166
2166
2167
2167
2168
2168
2169
2169
2170
2170
2171
2171
2172
2172
2173
2173
2174
2174
2175
2175
2176
2176
2177
2177
2178
2178
2179
2179
2180
2180
2181
2181
2182
2182
2183
2183
2184
2184
2185
2185
2186
2186
2187
2187
2188
2188
2189
2189
2190
2190
2191
2191
2192
2192
2193
2193
2194
2194
2195
2195
2196
2196
2197
2197
2198
2198
2199
2200
2200
2201
2201
2202
2202
2203
2203
2204
2204
2205
2205
2206
2206
2207
2207
2208
2208
2209
2209
2210
2210
2211
2211
2212
2212
2213
2213
2214
2214
2215
2215
2216
2216
2217
2217
2218
2218
2219
2219
2220
2220
2221
2221
2222
2222
2223
2223
2224
2224
2225
2225
2226
2226
2227
2227
2228
2228
2229
2229
2230
2230
2231
2231
2232
2232
2233
2233
2234
2234
2235
2235
2236
2236
2237
2237
2238
2238
2239
2239
2240
2240
2241
2241
2242
2242
2243
2243
2244
2244
2245
2245
2246
2246
2247
2247
2248
2248
2249
2249
2250
2250
2251
2251
2252
2252
2253
2253
2254
2254
2255
2255
2256
2256
2257
2257
2258
2258
2259
2260
2260
2261
2261
2262
2262
2263
2263
2264
2264
2265
2265
2266
2266
2267
2267
2268
2268
2269
2269
2270
2270
2271
2271
2272
2272
2273
2273
2274
2274
2275
2275
2276
2276
2277
2277
2278
2278
2279
2279
2280
2280
2281
2281
2282
2282
2283
2283
2284
2284
2285
2285
2286
2286
2287
2287
2288
2288
2289
2289
2290
2290
2291
2291
2292
2292
2293
2293
2294
2294
2295
2295
2296
2296
2297
2297
2298
2298
2299
2299
2300
2300
2301
2301
2302
2302
2303
2303
2304
2304
2305
2305
2306
2306
2307
2307
2308
2308
2309
2309
2310
2310
2311
2311
2312
2312
2313
2313
2314
2314
2315
2315
2316
2316
2317
2317
2318
2318
2319
2320
2320
2321
2321
2322
2322
2323
2323
2324
2324
2325
2325
2326
2326
2327
2327
2328
2328
2329
2329
2330
2330
2331
2331
2332
2332
2333
2333
2334
2334
2335
2335
2336
2336
2337
2337
2338
2338
2339
2339
2340
2340
2341
2341
2342
2342
2343
2343
2344
2344
2345
2345
2346
2346
2347
2347
2348
2348
2349
2349
2350
2350
2351
2351
2352
2352
2353
2353
2354
2354
2355
2355
2356
2356
2357
2357
2358
2358
2359
2359
2360
2360
2361
2361
2362
2362
2363
2363
2364
2364
2365
2365
2366
2366
2367
2367
2368
2368
2369
2369
2370
2370
2371
2371
2372
2372
2373
2373
2374
2374
2375
2375
2376
2376
2377
2377
2378
2378
2379
2380
2380
2381
2381
2382
2382
2383
2383
2384
2384
2385
2385
2386
2386
2387
2387
2388
2388
2389
2389
2390
2390
2391
2391
2392
2392
2393
2393
2394
2394
2395
2395
2396
2396
2397
2397
2398
2398
2399
2399
2400
2400
2401
2401
2402
2402
2403
2403
2404
2404
2405
2405
2406
2406
2407
2407
2408
2408
2409
2409
2410
2410
2411
2411
2412
2412
2413
2413
2414
2414
2415
2415
2416
2416
2417
2417
2418
2418
2419
2419
2420
2420
2421
2421
2422
2422
2423
2423
2424
2424
2425
2425
2426
2426
2427
2427
2428
2428
2429
2429
2430
2430
2431
2431
2432
2432
2433
2433
2434
2434
2435
2435
2436
2436
2437
2437
2438
2438
2439
2440
2440
2441
2441
2442
2442
2443
2443
2444
2444
2445
2445
2446
2446
2447
2447
2448
2448
2449
2449
2450
2450
2451
2451
2452
2452
2453
2453
2454
2454
2455
2455
2456
2456
2457
2457
2458
2458
2459
2459
2460
2460
2461
2461
2462
2462
2463
2463
2464
2464
2465
2465
2466
2466
2467
2467
2468
2468
2469
2469
2470
2470
2471
2471
2472
2472
2473
2473
2474
2474
2475
2475
2476
2476
2477
2477
2478
2478
2479
2479
2480
2480
2481
2481
2482
2482
2483
2483
2484
2484
2485
2485
2486
2486
2487
2487
2488
2488
2489
2489
2490
2490
2491
2491
2492
2492
2493
2493
2494
2494
2495
2495
2496
2496
2497
2497
2498
2498
2499
2500
2500
2501
2501
2502
2502
2503
2503
2504
2504
2505
2505
2506
2506
2507
2507
2508
2508
2509
2509
2510
2510
2511
2511
2512
2512
2513
2513
2514
2514
2515
2515
2516
2516
2517
2517
2518
2518
2519
2519
2520
2520
2521
2521
2522
2522
2523
2523
2524
2524
2525
2525
2526
2526
2527
2527
2528
2528
2529
2529
2530
2530
2531
2531
2532
2532
2533
2533
2534
2534
2535
2535
2536
2536
2537
2537
2538
2538
2539
2539
2540
2540
2541
2541
2542
2542
2543
2543
2544
2544
2545
2545
2546
2546
2547
2547
2548
2548
2549
2549
2550
2550
2551
2551
2552
2552
2553
2553
2554
2554
2555
2555
2556
2556
2557
2557
2558
2558
2559
2560
2560
2561
2561
2562
2562
2563
2563
2564
2564
2565
2565
2566
2566
2567
2567
2568
2568
2569
2569
2570
2570
2571
2571
2572
2572
2573
2573
2574
2574
2575
2575
2576
2576
2577
2577
2578
2578
2579
2579
2580
2580
2581
2581
2582
2582
2583
2583
2584
2584
2585
2585
2586
2586
2587
2587
2588
2588
2589
2589
2590
2590
2591
2591
2592
2592
2593
2593
2594
2594
2595
2595
2596
2596
2597
2597
2598
2598
2599
2599
2600
2600
2601
2601
2602
2602
2603
2603
2604
2604
2605
2605
2606
2606
2607
2607
2608
2608
2609
2609
2610
2610
2611
2611
2612
2612
2613
2613
2614
2614
2615
2615
2616
2616
2617
2617
2618
2618
2619
2620
2620
2621
2621
2622
2622
2623
2623
2624
2624
2625
2625
2626
2626
2627
2627
2628
2628
2629
2629
2630
2630
2631
2631
2632
2632
2633
2633
2634
2634
2635
2635
2636
2636
2637
2637
2638
2638
2639
2639
2640
2640
2641
2641
2642
2642
2643
2643
2644
2644
2645
2645
2646
2646
2647
2647
2648
2648
2649
2649
2650
2650
2651
2651
2652
2652
2653
2653
2654
2654
2655
2655
2656
2656
2657
2657
2658
2658
2659
2659
2660
2660
2661
2661
2662
2662
2663
2663
2664
2664
2665
2665
2666
2666
2667
2667
2668
2668
2669
2669
2670
2670
2671
2671
2672
2672
2673
2673
2674
2674
2675
2675
2676
2676
2677
2677
2678
2678
2679
2680
2680
2681
2681
2682
2682
2683
2683
2684
2684
2685
2685
2686
2686
2687
2687
2688
2688
2689
2689
2690
2690
2691
2691
2692
2692
2693
2693
2694
2694
2695
2695
2696
2696
2697
2697
2698
2698
2699
2699
2700
2700
2701
2701
2702
2702
2703
2703
2704
2704
2705
2705
2706
2706
2707
2707
2708
2708
2709
2709
2710
2710
2711
2711
2712
2712
2713
2713
2714
2714
2715
2715
2716
2716
2717
2717
2718
2718
2719
2719
2720
2720
2721
2721
2722
2722
2723
2723
2724
2724
2725
2725
2726
2726
2727
2727
2728
2728
2729
2729
2730
2730
2731
2731
2732
2732
2733
2733
2734
2734
2735
2735
2736
2736
2737
2737
2738
2738
2739
2740
2741
2742
2743
2744
2745
2746
2747
2748
2749
2750
2751
2752
2753
2754
2755
2756
2757
2758
2759
2760
2761
2762
2763
2764
2765
2766
2767
2768
2769
2770
2771
2772
2773
2774
2775
2776
2777
2778
2779
2780
2781
2782
2783
2784
2785
2786
2787
2788
2789
2790
2791
2792
2793
2794
2795
2796
2797
2798
0
20
40
60
80
100
120
140
160
180
200
220
240
260
280
300
320
340
360
380
400
420
440
460
480
500
520
540
560
580
600
620
640
660
680
700
720
740
760
780
800
820
840
860
880
900
920
940
960
980
1000
1020
1040
1060
1080
1100
1120
1140
1160
1180
1200
1220
1240
1260
1280
1300
1320
1340
1360
1380
1400
1420
1440
1460
1480
1500
1520
1540
1560
1580
1580
1581
1582
1583
1584
1585
1586
1587
1588
1589
1590
1591
1592
1593
1594
1595
1596
1597
1598
1599
2740
2741
2742
2743
2744
2745
2746
2747
2748
2749
2750
2751
2752
2753
2754
2755
2756
2757
2758
2759
2760
2761
2762
2763
2764
2765
2766
2767
2768
2769
2770
2771
2772
2773
2774
2775
2776
2777
2778
2779
2780
2781
2782
2783
2784
2785
2786
2787
2788
2789
2790
2791
2792
2793
2794
2795
2796
2797
2798
2799
0
20
40
60
80
100
120
140
160
180
200
220
240
260
280
300
320
340
360
380
400
420
440
460
480
500
520
540
560
580
600
620
640
660
680
700
720
740
760
780
800
820
840
860
880
900
920
940
960
980
1000
1020
1040
1060
1080
1100
1120
1140
1160
1180
1
21
41
61
81
101
121
141
161
181
201
221
241
261
281
301
321
341
361
381
401
421
441
461
481
501
521
541
561
581
601
621
641
661
681
701
721
741
761
781
801
821
841
861
881
901
921
941
961
981
1001
1021
1041
1061
1081
1101
1121
1141
1161
1181
2
22
42
62
82
102
122
142
162
182
202
222
242
262
282
302
322
342
362
382
402
422
442
462
482
502
522
542
562
582
602
622
642
662
682
702
722
742
762
782
802
822
842
862
882
902
922
942
962
982
1002
1022
1042
1062
1082
1102
1122
1142
1162
1182
3
23
43
63
83
103
123
143
163
183
203
223
243
263
283
303
323
343
363
383
403
423
443
463
483
503
523
543
563
583
603
623
643
663
683
703
723
743
763
783
803
823
843
863
883
903
923
943
963
983
1003
1023
1043
1063
1083
1103
1123
1143
1163
1183
4
24
44
64
84
104
124
144
164
184
204
224
244
264
284
304
324
344
364
384
404
424
444
464
484
504
524
544
564
584
604
624
644
664
684
704
724
744
764
784
804
824
844
864
884
904
924
944
964
984
1004
1024
1044
1064
1084
1104
1124
1144
1164
1184
5
25
45
65
85
105
125
145
165
185
205
225
245
265
285
305
325
345
365
385
405
425
445
465
485
505
525
545
565
585
605
625
645
665
685
705
725
745
765
785
805
825
845
865
885
905
925
945
965
985
1005
1025
1045
1065
1085
1105
1125
1145
1165
1185
6
26
46
66
86
106
126
146
166
186
206
226
246
266
286
306
326
346
366
386
406
426
446
466
486
506
526
546
566
586
606
626
646
666
686
706
726
746
766
786
806
826
846
866
886
906
926
946
966
986
1006
1026
1046
1066
1086
1106
1126
1146
1166
1186
7
27
47
67
87
107
127
147
167
187
207
227
247
267
287
307
327
347
367
387
407
427
447
467
487
507
527
547
567
587
607
627
647
667
687
707
727
747
767
787
807
827
847
867
887
907
927
947
967
987
1007
1027
1047
1067
1087
1107
1127
1147
1167
1187
8
28
48
68
88
108
128
148
168
188
208
228
248
268
288
308
328
348
368
388
408
428
448
468
488
508
528
548
568
588
608
628
648
668
688
708
728
748
768
788
808
828
848
868
888
908
928
948
968
988
1008
1028
1048
1068
1088
1108
1128
1148
1168
1188
9
29
49
69
89
109
129
149
169
189
209
229
249
269
289
309
329
349
369
389
409
429
449
469
489
509
529
549
569
589
609
629
649
669
689
709
729
749
769
789
809
829
849
869
889
909
929
949
969
989
1009
1029
1049
1069
1089
1109
1129
1149
1169
1189
10
30
50
70
90
110
130
150
170
190
210
230
250
270
290
310
330
350
370
390
410
430
450
470
490
510
530
550
570
590
610
630
650
670
690
710
730
750
770
790
810
830
850
870
890
910
930
950
970
990
1010
1030
1050
1070
1090
1110
1130
1150
1170
1190
11
31
51
71
91
111
131
151
171
191
211
231
251
271
291
311
331
351
371
391
411
431
451
471
491
511
531
551
571
591
611
631
651
671
691
711
731
751
771
791
811
831
851
871
891
911
931
951
971
991
1011
1031
1051
1071
1091
1111
1131
1151
1171
1191
12
32
52
72
92
112
132
152
172
192
212
232
252
272
292
312
332
352
372
392
412
432
452
472
492
512
532
552
572
592
612
632
652
672
692
712
732
752
772
792
812
832
852
872
892
912
932
952
972
992
1012
1032
1052
1072
1092
1112
1132
1152
1172
1192
13
33
53
73
93
113
133
153
173
193
213
233
253
273
293
313
333
353
373
393
413
433
453
473
493
513
533
553
573
593
613
633
653
673
693
713
733
753
773
793
813
833
853
873
893
913
933
953
973
993
1013
1033
1053
1073
1093
1113
1133
1153
1173
1193
14
34
54
74
94
114
134
154
174
194
214
234
254
274
294
314
334
354
374
394
414
434
454
474
494
514
534
554
574
594
614
634
654
674
694
714
734
754
774
794
814
834
854
874
894
914
934
954
974
994
1014
1034
1054
1074
1094
1114
1134
1154
1174
1194
15
35
55
75
95
115
135
155
175
195
215
235
255
275
295
315
335
355
375
395
415
435
455
475
495
515
535
555
575
595
615
635
655
675
695
715
735
755
775
795
815
835
855
875
895
915
935
955
975
995
1015
1035
1055
1075
1095
1115
1135
1155
1175
1195
16
36
56
76
96
116
136
156
176
196
216
236
256
276
296
316
336
356
376
396
416
436
456
476
496
516
536
556
576
596
616
636
656
676
696
716
736
756
776
796
816
836
856
876
896
916
936
956
976
996
1016
1036
1056
1076
1096
1116
1136
1156
1176
1196
17
37
57
77
97
117
137
157
177
197
217
237
257
277
297
317
337
357
377
397
417
437
457
477
497
517
537
557
577
597
617
637
657
677
697
717
737
757
777
797
817
837
857
877
897
917
937
957
977
997
1017
1037
1057
1077
1097
1117
1137
1157
1177
1197
18
38
58
78
98
118
138
158
178
198
218
238
258
278
298
318
338
358
378
398
418
438
458
478
498
518
538
558
578
598
618
638
658
678
698
718
738
758
778
798
818
838
858
878
898
918
938
958
978
998
1018
1038
1058
1078
1098
1118
1138
1158
1178
1198
19
39
59
79
99
119
139
159
179
199
219
239
259
279
299
319
339
359
379
399
419
439
459
479
499
519
539
559
579
599
619
639
659
679
699
719
739
759
779
799
819
839
859
879
899
919
939
959
979
999
1019
1039
1059
1079
1099
1119
1139
1159
1179
1199
0
20
40
60
80
100
120
140
160
180
200
220
240
260
280
300
320
340
360
380
400
420
440
460
480
500
520
540
560
580
600
620
640
660
680
700
720
740
760
780
800
820
840
860
880
900
920
940
960
980
1000
1020
1040
1060
1080
1100
1120
1140
1160
1180
1
21
41
61
81
101
121
141
161
181
201
221
241
261
281
301
321
341
361
381
401
421
441
461
481
501
521
541
561
581
601
621
641
661
681
701
721
741
761
781
801
821
841
861
881
901
921
941
961
981
1001
1021
1041
1061
1081
1101
1121
1141
1161
1181
2
22
42
62
82
102
122
142
162
182
202
222
242
262
282
302
322
342
362
382
402
422
442
462
482
502
522
542
562
582
602
622
642
662
682
702
722
742
762
782
802
822
842
862
882
902
922
942
962
982
1002
1022
1042
1062
1082
1102
1122
1142
1162
1182
3
23
43
63
83
103
123
143
163
183
203
223
243
263
283
303
323
343
363
383
403
423
443
463
483
503
523
543
563
583
603
623
643
663
683
703
723
743
763
783
803
823
843
863
883
903
923
943
963
983
1003
1023
1043
1063
1083
1103
1123
1143
1163
1183
4
24
44
64
84
104
124
144
164
184
204
224
244
264
284
304
324
344
364
384
404
424
444
464
484
504
524
544
564
584
604
624
644
664
684
704
724
744
764
784
804
824
844
864
884
904
924
944
964
984
1004
1024
1044
1064
1084
1104
1124
1144
1164
1184
5
25
45
65
85
105
125
145
165
185
205
225
245
265
285
305
325
345
365
385
405
425
445
465
485
505
525
545
565
585
605
625
645
665
685
705
725
745
765
785
805
825
845
865
885
905
925
945
965
985
1005
1025
1045
1065
1085
1105
1125
1145
1165
1185
6
26
46
66
86
106
126
146
166
186
206
226
246
266
286
306
326
346
366
386
406
426
446
466
486
506
526
546
566
586
606
626
646
666
686
706
726
746
766
786
806
826
846
866
886
906
926
946
966
986
1006
1026
1046
1066
1086
1106
1126
1146
1166
1186
7
27
47
67
87
107
127
147
167
187
207
227
247
267
287
307
327
347
367
387
407
427
447
467
487
507
527
547
567
587
607
627
647
667
687
707
727
747
767
787
807
827
847
867
887
907
927
947
967
987
1007
1027
1047
1067
1087
1107
1127
1147
1167
1187
8
28
48
68
88
108
128
148
168
188
208
228
248
268
288
308
328
348
368
388
408
428
448
468
488
508
528
548
568
588
608
628
648
668
688
708
728
748
768
788
808
828
848
868
888
908
928
948
968
988
1008
1028
1048
1068
1088
1108
1128
1148
1168
1188
9
29
49
69
89
109
129
149
169
189
209
229
249
269
289
309
329
349
369
389
409
429
449
469
489
509
529
549
569
589
609
629
649
669
689
709
729
749
769
789
809
829
849
869
889
909
929
949
969
989
1009
1029
1049
1069
1089
1109
1129
1149
1169
1189
10
30
50
70
90
110
130
150
170
190
210
230
250
270
290
310
330
350
370
390
410
430
450
470
490
510
530
550
570
590
610
630
650
670
690
710
730
750
770
790
810
830
850
870
890
910
930
950
970
990
1010
1030
1050
1070
1090
1110
1130
1150
1170
1190
11
31
51
71
91
111
131
151
171
191
211
231
251
271
291
311
331
351
371
391
411
431
451
471
491
511
531
551
571
591
611
631
651
671
691
711
731
751
771
791
811
831
851
871
891
911
931
951
971
991
1011
1031
1051
1071
1091
1111
1131
1151
1171
1191
12
32
52
72
92
112
132
152
172
192
212
232
252
272
292
312
332
352
372
392
412
432
452
472
492
512
532
552
572
592
612
632
652
672
692
712
732
752
772
792
812
832
852
872
892
912
932
952
972
992
1012
1032
1052
1072
1092
1112
1132
1152
1172
1192
13
33
53
73
93
113
133
153
173
193
213
233
253
273
293
313
333
353
373
393
413
433
453
473
493
513
533
553
573
593
613
633
653
673
693
713
733
753
773
793
813
833
853
873
893
913
933
953
973
993
1013
1033
1053
1073
1093
1113
1133
1153
1173
1193
14
34
54
74
94
114
134
154
174
194
214
234
254
274
294
314
334
354
374
394
414
434
454
474
494
514
534
554
574
594
614
634
654
674
694
714
734
754
774
794
814
834
854
874
894
914
934
954
974
994
1014
1034
1054
1074
1094
1114
1134
1154
1174
1194
15
35
55
75
95
115
135
155
175
195
215
235
255
275
295
315
335
355
375
395
415
435
455
475
495
515
535
555
575
595
615
635
655
675
695
715
735
755
775
795
815
835
855
875
895
915
935
955
975
995
1015
1035
1055
1075
1095
1115
1135
1155
1175
1195
16
36
56
76
96
116
136
156
176
196
216
236
256
276
296
316
336
356
376
396
416
436
456
476
496
516
536
556
576
596
616
636
656
676
696
716
736
756
776
796
816
836
856
876
896
916
936
956
976
996
1016
1036
1056
1076
1096
1116
1136
1156
1176
1196
17
37
57
77
97
117
137
157
177
197
217
237
257
277
297
317
337
357
377
397
417
437
457
477
497
517
537
557
577
597
617
637
657
677
697
717
737
757
777
797
817
837
857
877
897
917
937
957
977
997
1017
1037
1057
1077
1097
1117
1137
1157
1177
1197
18
38
58
78
98
118
138
158
178
198
218
238
258
278
298
318
338
358
378
398
418
438
458
478
498
518
538
558
578
598
618
638
658
678
698
718
738
758
778
798
818
838
858
878
898
918
938
958
978
998
1018
1038
1058
1078
1098
1118
1138
1158
1178
1198
19
39
59
79
99
119
139
159
179
199
219
239
259
279
299
319
339
359
379
399
419
439
459
479
499
519
539
559
579
599
619
639
659
679
699
719
739
759
779
799
819
839
859
879
899
919
939
959
979
999
1019
1039
1059
1079
1099
1119
1139
1159
1179
1199
1200
1220
1240
1260
1280
1300
1320
1340
1360
1380
1400
1420
1440
1460
1480
1500
1520
1540
1560
1580
1201
1221
1241
1261
1281
1301
1321
1341
1361
1381
1401
1421
1441
1461
1481
1501
1521
1541
1561
1581
1202
1222
1242
1262
1282
1302
1322
1342
1362
1382
1402
1422
1442
1462
1482
1502
1522
1542
1562
1582
1203
1223
1243
1263
1283
1303
1323
1343
1363
1383
1403
1423
1443
1463
1483
1503
1523
1543
1563
1583
1204
1224
1244
1264
1284
1304
1324
1344
1364
1384
1404
1424
1444
1464
1484
1504
1524
1544
1564
1584
1205
1225
1245
1265
1285
1305
1325
1345
1365
1385
1405
1425
1445
1465
1485
1505
1525
1545
1565
1585
1206
1226
1246
1266
1286
1306
1326
1346
1366
1386
1406
1426
1446
1466
1486
1506
1526
1546
1566
1586
1207
1227
1247
1267
1287
1307
1327
1347
1367
1387
1407
1427
1447
1467
1487
1507
1527
1547
1567
1587
1208
1228
1248
1268
1288
1308
1328
1348
1368
1388
1408
1428
1448
1468
1488
1508
1528
1548
1568
1588
1209
1229
1249
1269
1289
1309
1329
1349
1369
1389
1409
1429
1449
1469
1489
1509
1529
1549
1569
1589
1210
1230
1250
1270
1290
1310
1330
1350
1370
1390
1410
1430
1450
1470
1490
1510
1530
1550
1570
1590
1211
1231
1251
1271
1291
1311
1331
1351
1371
1391
1411
1431
1451
1471
1491
1511
1531
1551
1571
1591
1212
1232
1252
1272
1292
1312
1332
1352
1372
1392
1412
1432
1452
1472
1492
1512
1532
1552
1572
1592
1213
1233
1253
1273
1293
1313
1333
1353
1373
1393
1413
1433
1453
1473
1493
1513
1533
1553
1573
1593
1214
1234
1254
1274
1294
1314
1334
1354
1374
1394
1414
1434
1454
1474
1494
1514
1534
1554
1574
1594
1215
1235
1255
1275
1295
1315
1335
1355
1375
1395
1415
1435
1455
1475
1495
1515
1535
1555
1575
1595
1216
1236
1256
1276
1296
1316
1336
1356
1376
1396
1416
1436
1456
1476
1496
1516
1536
1556
1576
1596
1217
1237
1257
1277
1297
1317
1337
1357
1377
1397
1417
1437
1457
1477
1497
1517
1537
1557
1577
1597
1218
1238
1258
1278
1298
1318
1338
1358
1378
1398
1418
1438
1458
1478
1498
1518
1538
1558
1578
1598
1219
1239
1259
1279
1299
1319
1339
1359
1379
1399
1419
1439
1459
1479
1499
1519
1539
1559
1579
1599
1200
1220
1240
1260
1280
1300
1320
1340
1360
1380
1400
1420
1440
1460
1480
1500
1520
1540
1560
1580
1201
1221
1241
1261
1281
1301
1321
1341
1361
1381
1401
1421
1441
1461
1481
1501
1521
1541
1561
1581
1202
1222
1242
1262
1282
1302
1322
1342
1362
1382
1402
1422
1442
1462
1482
1502
1522
1542
1562
1582
1203
1223
1243
1263
1283
1303
1323
1343
1363
1383
1403
1423
1443
1463
1483
1503
1523
1543
1563
1583
1204
1224
1244
1264
1284
1304
1324
1344
1364
1384
1404
1424
1444
1464
1484
1504
1524
1544
1564
1584
1205
1225
1245
1265
1285
1305
1325
1345
1365
1385
1405
1425
1445
1465
1485
1505
1525
1545
1565
1585
1206
1226
1246
1266
1286
1306
1326
1346
1366
1386
1406
1426
1446
1466
1486
1506
1526
1546
1566
1586
1207
1227
1247
1267
1287
1307
1327
1347
1367
1387
1407
1427
1447
1467
1487
1507
1527
1547
1567
1587
1208
1228
1248
1268
1288
1308
1328
1348
1368
1388
1408
1428
1448
1468
1488
1508
1528
1548
1568
1588
1209
1229
1249
1269
1289
1309
1329
1349
1369
1389
1409
1429
1449
1469
1489
1509
1529
1549
1569
1589
1210
1230
1250
1270
1290
1310
1330
1350
1370
1390
1410
1430
1450
1470
1490
1510
1530
1550
1570
1590
1211
1231
1251
1271
1291
1311
1331
1351
1371
1391
1411
1431
1451
1471
1491
1511
1531
1551
1571
1591
1212
1232
1252
1272
1292
1312
1332
1352
1372
1392
1412
1432
1452
1472
1492
1512
1532
1552
1572
1592
1213
1233
1253
1273
1293
1313
1333
1353
1373
1393
1413
1433
1453
1473
1493
1513
1533
1553
1573
1593
1214
1234
1254
1274
1294
1314
1334
1354
1374
1394
1414
1434
1454
1474
1494
1514
1534
1554
1574
1594
1215
1235
1255
1275
1295
1315
1335
1355
1375
1395
1415
1435
1455
1475
1495
1515
1535
1555
1575
1595
1216
1236
1256
1276
1296
1316
1336
1356
1376
1396
1416
1436
1456
1476
1496
1516
1536
1556
1576
1596
1217
1237
1257
1277
1297
1317
1337
1357
1377
1397
1417
1437
1457
1477
1497
1517
1537
1557
1577
1597
1218
1238
1258
1278
1298
1318
1338
1358
1378
1398
1418
1438
1458
1478
1498
1518
1538
1558
1578
1598
1219
1239
1259
1279
1299
1319
1339
1359
1379
1399
1419
1439
1459
1479
1499
1519
1539
1559
1579
1599
1600
1660
1720
1780
1840
1900
1960
2020
2080
2140
2200
2260
2320
2380
2440
2500
2560
2620
2680
2740
1601
1661
1721
1781
1841
1901
1961
2021
2081
2141
2201
2261
2321
2381
2441
2501
2561
2621
2681
2741
1602
1662
1722
1782
1842
1902
1962
2022
2082
2142
2202
2262
2322
2382
2442
2502
2562
2622
2682
2742
1603
1663
1723
1783
1843
1903
1963
2023
2083
2143
2203
2263
2323
2383
2443
2503
2563
2623
2683
2743
1604
1664
1724
1784
1844
1904
1964
2024
2084
2144
2204
2264
2324
2384
2444
2504
2564
2624
2684
2744
1605
1665
1725
1785
1845
1905
1965
2025
2085
2145
2205
2265
2325
2385
2445
2505
2565
2625
2685
2745
1606
1666
1726
1786
1846
1906
1966
2026
2086
2146
2206
2266
2326
2386
2446
2506
2566
2626
2686
2746
1607
1667
1727
1787
1847
1907
1967
2027
2087
2147
2207
2267
2327
2387
2447
2507
2567
2627
2687
2747
1608
1668
1728
1788
1848
1908
1968
2028
2088
2148
2208
2268
2328
2388
2448
2508
2568
2628
2688
2748
1609
1669
1729
1789
1849
1909
1969
2029
2089
2149
2209
2269
2329
2389
2449
2509
2569
2629
2689
2749
1610
1670
1730
1790
1850
1910
1970
2030
2090
2150
2210
2270
2330
2390
2450
2510
2570
2630
2690
2750
1611
1671
1731
1791
1851
1911
1971
2031
2091
2151
2211
2271
2331
2391
2451
2511
2571
2631
2691
2751
1612
1672
1732
1792
1852
1912
1972
2032
2092
2152
2212
2272
2332
2392
2452
2512
2572
2632
2692
2752
1613
1673
1733
1793
1853
1913
1973
2033
2093
2153
2213
2273
2333
2393
2453
2513
2573
2633
2693
2753
1614
1674
1734
1794
1854
1914
1974
2034
2094
2154
2214
2274
2334
2394
2454
2514
2574
2634
2694
2754
1615
1675
1735
1795
1855
1915
1975
2035
2095
2155
2215
2275
2335
2395
2455
2515
2575
2635
2695
2755
1616
1676
1736
1796
1856
1916
1976
2036
2096
2156
2216
2276
2336
2396
2456
2516
2576
2636
2696
2756
1617
1677
1737
1797
1857
1917
1977
2037
2097
2157
2217
2277
2337
2397
2457
2517
2577
2637
2697
2757
1618
1678
1738
1798
1858
1918
1978
2038
2098
2158
2218
2278
2338
2398
2458
2518
2578
2638
2698
2758
1619
1679
1739
1799
1859
1919
1979
2039
2099
2159
2219
2279
2339
2399
2459
2519
2579
2639
2699
2759
1620
1680
1740
1800
1860
1920
1980
2040
2100
2160
2220
2280
2340
2400
2460
2520
2580
2640
2700
2760
1621
1681
1741
1801
1861
1921
1981
2041
2101
2161
2221
2281
2341
2401
2461
2521
2581
2641
2701
2761
1622
1682
1742
1802
1862
1922
1982
2042
2102
2162
2222
2282
2342
2402
2462
2522
2582
2642
2702
2762
1623
1683
1743
1803
1863
1923
1983
2043
2103
2163
2223
2283
2343
2403
2463
2523
2583
2643
2703
2763
1624
1684
1744
1804
1864
1924
1984
2044
2104
2164
2224
2284
2344
2404
2464
2524
2584
2644
2704
2764
1625
1685
1745
1805
1865
1925
1985
2045
2105
2165
2225
2285
2345
2405
2465
2525
2585
2645
2705
2765
1626
1686
1746
1806
1866
1926
1986
2046
2106
2166
2226
2286
2346
2406
2466
2526
2586
2646
2706
2766
1627
1687
1747
1807
1867
1927
1987
2047
2107
2167
2227
2287
2347
2407
2467
2527
2587
2647
2707
2767
1628
1688
1748
1808
1868
1928
1988
2048
2108
2168
2228
2288
2348
2408
2468
2528
2588
2648
2708
2768
1629
1689
1749
1809
1869
1929
1989
2049
2109
2169
2229
2289
2349
2409
2469
2529
2589
2649
2709
2769
1630
1690
1750
1810
1870
1930
1990
2050
2110
2170
2230
2290
2350
2410
2470
2530
2590
2650
2710
2770
1631
1691
1751
1811
1871
1931
1991
2051
2111
2171
2231
2291
2351
2411
2471
2531
2591
2651
2711
2771
1632
1692
1752
1812
1872
1932
1992
2052
2112
2172
2232
2292
2352
2412
2472
2532
2592
2652
2712
2772
1633
1693
1753
1813
1873
1933
1993
2053
2113
2173
2233
2293
2353
2413
2473
2533
2593
2653
2713
2773
1634
1694
1754
1814
1874
1934
1994
2054
2114
2174
2234
2294
2354
2414
2474
2534
2594
2654
2714
2774
1635
1695
1755
1815
1875
1935
1995
2055
2115
2175
2235
2295
2355
2415
2475
2535
2595
2655
2715
2775
1636
1696
1756
1816
1876
1936
1996
2056
2116
2176
2236
2296
2356
2416
2476
2536
2596
2656
2716
2776
1637
1697
1757
1817
1877
1937
1997
2057
2117
2177
2237
2297
2357
2417
2477
2537
2597
2657
2717
2777
1638
1698
1758
1818
1878
1938
1998
2058
2118
2178
2238
2298
2358
2418
2478
2538
2598
2658
2718
2778
1639
1699
1759
1819
1879
1939
1999
2059
2119
2179
2239
2299
2359
2419
2479
2539
2599
2659
2719
2779
1640
1700
1760
1820
1880
1940
2000
2060
2120
2180
2240
2300
2360
2420
2480
2540
2600
2660
2720
2780
1641
1701
1761
1821
1881
1941
2001
2061
2121
2181
2241
2301
2361
2421
2481
2541
2601
2661
2721
2781
1642
1702
1762
1822
1882
1942
2002
2062
2122
2182
2242
2302
2362
2422
2482
2542
2602
2662
2722
2782
1643
1703
1763
1823
1883
1943
2003
2063
2123
2183
2243
2303
2363
2423
2483
2543
2603
2663
2723
2783
1644
1704
1764
1824
1884
1944
2004
2064
2124
2184
2244
2304
2364
2424
2484
2544
2604
2664
2724
2784
1645
1705
1765
1825
1885
1945
2005
2065
2125
2185
2245
2305
2365
2425
2485
2545
2605
2665
2725
2785
1646
1706
1766
1826
1886
1946
2006
2066
2126
2186
2246
2306
2366
2426
2486
2546
2606
2666
2726
2786
1647
1707
1767
1827
1887
1947
2007
2067
2127
2187
2247
2307
2367
2427
2487
2547
2607
2667
2727
2787
1648
1708
1768
1828
1888
1948
2008
2068
2128
2188
2248
2308
2368
2428
2488
2548
2608
2668
2728
2788
1649
1709
1769
1829
1889
1949
2009
2069
2129
2189
2249
2309
2369
2429
2489
2549
2609
2669
2729
2789
1650
1710
1770
1830
1890
1950
2010
2070
2130
2190
2250
2310
2370
2430
2490
2550
2610
2670
2730
2790
1651
1711
1771
1831
1891
1951
2011
2071
2131
2191
2251
2311
2371
2431
2491
2551
2611
2671
2731
2791
1652
1712
1772
1832
1892
1952
2012
2072
2132
2192
2252
2312
2372
2432
2492
2552
2612
2672
2732
2792
1653
1713
1773
1833
1893
1953
2013
2073
2133
2193
2253
2313
2373
2433
2493
2553
2613
2673
2733
2793
1654
1714
1774
1834
1894
1954
2014
2074
2134
2194
2254
2314
2374
2434
2494
2554
2614
2674
2734
2794
1655
1715
1775
1835
1895
1955
2015
2075
2135
2195
2255
2315
2375
2435
2495
2555
2615
2675
2735
2795
1656
1716
1776
1836
1896
1956
2016
2076
2136
2196
2256
2316
2376
2436
2496
2556
2616
2676
2736
2796
1657
1717
1777
1837
1897
1957
2017
2077
2137
2197
2257
2317
2377
2437
2497
2557
2617
2677
2737
2797
1658
1718
1778
1838
1898
1958
2018
2078
2138
2198
2258
2318
2378
2438
2498
2558
2618
2678
2738
2798
1659
1719
1779
1839
1899
1959
2019
2079
2139
2199
2259
2319
2379
2439
2499
2559
2619
2679
2739
2799
1600
1660
1720
1780
1840
1900
1960
2020
2080
2140
2200
2260
2320
2380
2440
2500
2560
2620
2680
2740
1601
1661
1721
1781
1841
1901
1961
2021
2081
2141
2201
2261
2321
2381
2441
2501
2561
2621
2681
2741
1602
1662
1722
1782
1842
1902
1962
2022
2082
2142
2202
2262
2322
2382
2442
2502
2562
2622
2682
2742
1603
1663
1723
1783
1843
1903
1963
2023
2083
2143
2203
2263
2323
2383
2443
2503
2563
2623
2683
2743
1604
1664
1724
1784
1844
1904
1964
2024
2084
2144
2204
2264
2324
2384
2444
2504
2564
2624
2684
2744
1605
1665
1725
1785
1845
1905
1965
2025
2085
2145
2205
2265
2325
2385
2445
2505
2565
2625
2685
2745
1606
1666
1726
1786
1846
1906
1966
2026
2086
2146
2206
2266
2326
2386
2446
2506
2566
2626
2686
2746
1607
1667
1727
1787
1847
1907
1967
2027
2087
2147
2207
2267
2327
2387
2447
2507
2567
2627
2687
2747
1608
1668
1728
1788
1848
1908
1968
2028
2088
2148
2208
2268
2328
2388
2448
2508
2568
2628
2688
2748
1609
1669
1729
1789
1849
1909
1969
2029
2089
2149
2209
2269
2329
2389
2449
2509
2569
2629
2689
2749
1610
1670
1730
1790
1850
1910
1970
2030
2090
2150
2210
2270
2330
2390
2450
2510
2570
2630
2690
2750
1611
1671
1731
1791
1851
1911
1971
2031
2091
2151
2211
2271
2331
2391
2451
2511
2571
2631
2691
2751
1612
1672
1732
1792
1852
1912
1972
2032
2092
2152
2212
2272
2332
2392
2452
2512
2572
2632
2692
2752
1613
1673
1733
1793
1853
1913
1973
2033
2093
2153
2213
2273
2333
2393
2453
2513
2573
2633
2693
2753
1614
1674
1734
1794
1854
1914
1974
2034
2094
2154
2214
2274
2334
2394
2454
2514
2574
2634
2694
2754
1615
1675
1735
1795
1855
1915
1975
2035
2095
2155
2215
2275
2335
2395
2455
2515
2575
2635
2695
2755
1616
1676
1736
1796
1856
1916
1976
2036
2096
2156
2216
2276
2336
2396
2456
2516
2576
2636
2696
2756
1617
1677
1737
1797
1857
1917
1977
2037
2097
2157
2217
2277
2337
2397
2457
2517
2577
2637
2697
2757
1618
1678
1738
1798
1858
1918
1978
2038
2098
2158
2218
2278
2338
2398
2458
2518
2578
2638
2698
2758
1619
1679
1739
1799
1859
1919
1979
2039
2099
2159
2219
2279
2339
2399
2459
2519
2579
2639
2699
2759
1620
1680
1740
1800
1860
1920
1980
2040
2100
2160
2220
2280
2340
2400
2460
2520
2580
2640
2700
2760
1621
1681
1741
1801
1861
1921
1981
2041
2101
2161
2221
2281
2341
2401
2461
2521
2581
2641
2701
2761
1622
1682
1742
1802
1862
1922
1982
2042
2102
2162
2222
2282
2342
2402
2462
2522
2582
2642
2702
2762
1623
1683
1743
1803
1863
1923
1983
2043
2103
2163
2223
2283
2343
2403
2463
2523
2583
2643
2703
2763
1624
1684
1744
1804
1864
1924
1984
2044
2104
2164
2224
2284
2344
2404
2464
2524
2584
2644
2704
2764
1625
1685
1745
1805
1865
1925
1985
2045
2105
2165
2225
2285
2345
2405
2465
2525
2585
2645
2705
2765
1626
1686
1746
1806
1866
1926
1986
2046
2106
2166
2226
2286
2346
2406
2466
2526
2586
2646
2706
2766
1627
1687
1747
1807
1867
1927
1987
2047
2107
2167
2227
2287
2347
2407
2467
2527
2587
2647
2707
2767
1628
1688
1748
1808
1868
1928
1988
2048
2108
2168
2228
2288
2348
2408
2468
2528
2588
2648
2708
2768
1629
1689
1749
1809
1869
1929
1989
2049
2109
2169
2229
2289
2349
2409
2469
2529
2589
2649
2709
2769
1630
1690
1750
1810
1870
1930
1990
2050
2110
2170
2230
2290
2350
2410
2470
2530
2590
2650
2710
2770
1631
1691
1751
1811
1871
1931
1991
2051
2111
2171
2231
2291
2351
2411
2471
2531
2591
2651
2711
2771
1632
1692
1752
1812
1872
1932
1992
2052
2112
2172
2232
2292
2352
2412
2472
2532
2592
2652
2712
2772
1633
1693
1753
1813
1873
1933
1993
2053
2113
2173
2233
2293
2353
2413
2473
2533
2593
2653
2713
2773
1634
1694
1754
1814
1874
1934
1994
2054
2114
2174
2234
2294
2354
2414
2474
2534
2594
2654
2714
2774
1635
1695
1755
1815
1875
1935
1995
2055
2115
2175
2235
2295
2355
2415
2475
2535
2595
2655
2715
2775
1636
1696
1756
1816
1876
1936
1996
2056
2116
2176
2236
2296
2356
2416
2476
2536
2596
2656
2716
2776
1637
1697
1757
1817
1877
1937
1997
2057
2117
2177
2237
2297
2357
2417
2477
2537
2597
2657
2717
2777
1638
1698
1758
1818
1878
1938
1998
2058
2118
2178
2238
2298
2358
2418
2478
2538
2598
2658
2718
2778
1639
1699
1759
1819
1879
1939
1999
2059
2119
2179
2239
2299
2359
2419
2479
2539
2599
2659
2719
2779
1640
1700
1760
1820
1880
1940
2000
2060
2120
2180
2240
2300
2360
2420
2480
2540
2600
2660
2720
2780
1641
1701
1761
1821
1881
1941
2001
2061
2121
2181
2241
2301
2361
2421
2481
2541
2601
2661
2721
2781
1642
1702
1762
1822
1882
1942
2002
2062
2122
2182
2242
2302
2362
2422
2482
2542
2602
2662
2722
2782
1643
1703
1763
1823
1883
1943
2003
2063
2123
2183
2243
2303
2363
2423
2483
2543
2603
2663
2723
2783
1644
1704
1764
1824
1884
1944
2004
2064
2124
2184
2244
2304
2364
2424
2484
2544
2604
2664
2724
2784
1645
1705
1765
1825
1885
1945
2005
2065
2125
2185
2245
2305
2365
2425
2485
2545
2605
2665
2725
2785
1646
1706
1766
1826
1886
1946
2006
2066
2126
2186
2246
2306
2366
2426
2486
2546
2606
2666
2726
2786
1647
1707
1767
1827
1887
1947
2007
2067
2127
2187
2247
2307
2367
2427
2487
2547
2607
2667
2727
2787
1648
1708
1768
1828
1888
1948
2008
2068
2128
2188
2248
2308
2368
2428
2488
2548
2608
2668
2728
2788
1649
1709
1769
1829
1889
1949
2009
2069
2129
2189
2249
2309
2369
2429
2489
2549
2609
2669
2729
2789
1650
1710
1770
1830
1890
1950
2010
2070
2130
2190
2250
2310
2370
2430
2490
2550
2610
2670
2730
2790
1651
1711
1771
1831
1891
1951
2011
2071
2131
2191
2251
2311
2371
2431
2491
2551
2611
2671
2731
2791
1652
1712
1772
1832
1892
1952
2012
2072
2132
2192
2252
2312
2372
2432
2492
2552
2612
2672
2732
2792
1653
1713
1773
1833
1893
1953
2013
2073
2133
2193
2253
2313
2373
2433
2493
2553
2613
2673
2733
2793
1654
1714
1774
1834
1894
1954
2014
2074
2134
2194
2254
2314
2374
2434
2494
2554
2614
2674
2734
2794
1655
1715
1775
1835
1895
1955
2015
2075
2135
2195
2255
2315
2375
2435
2495
2555
2615
2675
2735
2795
1656
1716
1776
1836
1896
1956
2016
2076
2136
2196
2256
2316
2376
2436
2496
2556
2616
2676
2736
2796
1657
1717
1777
1837
1897
1957
2017
2077
2137
2197
2257
2317
2377
2437
2497
2557
2617
2677
2737
2797
1658
1718
1778
1838
1898
1958
2018
2078
2138
2198
2258
2318
2378
2438
2498
2558
2618
2678
2738
2798
1659
1719
1779
1839
1899
1959
2019
2079
2139
2199
2259
2319
2379
2439
2499
2559
2619
2679
2739
2799
0
1
2
3
4
5
6
7
8
9
10
11
12
13
14
15
16
17
18
19
19
39
59
79
99
119
139
159
179
199
219
239
259
279
299
319
339
359
379
399
419
439
459
479
499
519
539
559
579
599
619
639
659
679
699
719
739
759
779
799
819
839
859
879
899
919
939
959
979
999
1019
1039
1059
1079
1099
1119
1139
1159
1179
1199
1600
1601
1602
1603
1604
1605
1606
1607
1608
1609
1610
1611
1612
1613
1614
1615
1616
1617
1618
1619
1620
1621
1622
1623
1624
1625
1626
1627
1628
1629
1630
1631
1632
1633
1634
1635
1636
1637
1638
1639
1640
1641
1642
1643
1644
1645
1646
1647
1648
1649
1650
1651
1652
1653
1654
1655
1656
1657
1658
1659
1659
1719
1779
1839
1899
1959
2019
2079
2139
2199
2259
2319
2379
2439
2499
2559
2619
2679
2739
2799
)


// ************************************************************************* //
