/*--------------------------------*- C++ -*----------------------------------*\
| =========                 |                                                 |
| \\      /  F ield         | OpenFOAM: The Open Source CFD Toolbox           |
|  \\    /   O peration     | Version:  2112                                  |
|   \\  /    A nd           | Website:  www.openfoam.com                      |
|    \\/     M anipulation  |                                                 |
\*---------------------------------------------------------------------------*/
FoamFile
{
    version     2.0;
    format      ascii;
    arch        "LSB;label=64;scalar=64";
    note        "nPoints:13662  nCells:6592  nFaces:26608  nInternalFaces:12944";
    class       labelList;
    location    "constant/polyMesh";
    object      neighbour;
}
// * * * * * * * * * * * * * * * * * * * * * * * * * * * * * * * * * * * * * //


12944
(
1
16
2
17
3
18
4
19
5
20
6
21
7
22
8
23
9
24
10
25
11
26
12
27
13
28
14
29
15
30
31
640
17
32
18
33
19
34
20
35
21
36
22
37
23
38
24
39
25
40
26
41
27
42
28
43
29
44
30
45
31
46
47
648
33
48
34
49
35
50
36
51
37
52
38
53
39
54
40
55
41
56
42
57
43
58
44
59
45
60
46
61
47
62
63
656
49
64
50
65
51
66
52
67
53
68
54
69
55
70
56
71
57
72
58
73
59
74
60
75
61
76
62
77
63
78
79
664
65
80
66
81
67
82
68
83
69
84
70
85
71
86
72
87
73
88
74
89
75
90
76
91
77
92
78
93
79
94
95
672
81
96
82
97
83
98
84
99
85
100
86
101
87
102
88
103
89
104
90
105
91
106
92
107
93
108
94
109
95
110
111
680
97
112
98
113
99
114
100
115
101
116
102
117
103
118
104
119
105
120
106
121
107
122
108
123
109
124
110
125
111
126
127
688
113
128
114
129
115
130
116
131
117
132
118
133
119
134
120
135
121
136
122
137
123
138
124
139
125
140
126
141
127
142
143
696
129
144
130
145
131
146
132
147
133
148
134
149
135
150
136
151
137
152
138
153
139
154
140
155
141
156
142
157
143
158
159
704
145
160
146
161
147
162
148
163
149
164
150
165
151
166
152
167
153
168
154
169
155
170
156
171
157
172
158
173
159
174
175
712
161
176
162
177
163
178
164
179
165
180
166
181
167
182
168
183
169
184
170
185
171
186
172
187
173
188
174
189
175
190
191
720
177
192
178
193
179
194
180
195
181
196
182
197
183
198
184
199
185
200
186
201
187
202
188
203
189
204
190
205
191
206
207
728
193
208
194
209
195
210
196
211
197
212
198
213
199
214
200
215
201
216
202
217
203
218
204
219
205
220
206
221
207
222
223
736
209
224
210
225
211
226
212
227
213
228
214
229
215
230
216
231
217
232
218
233
219
234
220
235
221
236
222
237
223
238
239
744
225
240
226
241
227
242
228
243
229
244
230
245
231
246
232
247
233
248
234
249
235
250
236
251
237
252
238
253
239
254
255
752
241
256
242
257
243
258
244
259
245
260
246
261
247
262
248
263
249
264
250
265
251
266
252
267
253
268
254
269
255
270
271
760
257
272
258
273
259
274
260
275
261
276
262
277
263
278
264
279
265
280
266
281
267
282
268
283
269
284
270
285
271
286
287
273
288
274
289
275
290
276
291
277
292
278
293
279
294
280
295
281
296
282
297
283
298
284
299
285
300
286
301
287
302
303
289
304
290
305
291
306
292
307
293
308
294
309
295
310
296
311
297
312
298
313
299
314
300
315
301
316
302
317
303
318
319
305
320
306
321
307
322
308
323
309
324
310
325
311
326
312
327
313
328
314
329
315
330
316
331
317
332
318
333
319
334
335
321
336
322
337
323
338
324
339
325
340
326
341
327
342
328
343
329
344
330
345
331
346
332
347
333
348
334
349
335
350
351
337
352
338
353
339
354
340
355
341
356
342
357
343
358
344
359
345
360
346
361
347
362
348
363
349
364
350
365
351
366
367
353
368
354
369
355
370
356
371
357
372
358
373
359
374
360
375
361
376
362
377
363
378
364
379
365
380
366
381
367
382
383
369
384
370
385
371
386
372
387
373
388
374
389
375
390
376
391
377
392
378
393
379
394
380
395
381
396
382
397
383
398
399
385
400
386
401
387
402
388
403
389
404
390
405
391
406
392
407
393
408
394
409
395
410
396
411
397
412
398
413
399
414
415
768
401
416
402
417
403
418
404
419
405
420
406
421
407
422
408
423
409
424
410
425
411
426
412
427
413
428
414
429
415
430
431
776
417
432
418
433
419
434
420
435
421
436
422
437
423
438
424
439
425
440
426
441
427
442
428
443
429
444
430
445
431
446
447
784
433
448
434
449
435
450
436
451
437
452
438
453
439
454
440
455
441
456
442
457
443
458
444
459
445
460
446
461
447
462
463
792
449
464
450
465
451
466
452
467
453
468
454
469
455
470
456
471
457
472
458
473
459
474
460
475
461
476
462
477
463
478
479
800
465
480
466
481
467
482
468
483
469
484
470
485
471
486
472
487
473
488
474
489
475
490
476
491
477
492
478
493
479
494
495
808
481
496
482
497
483
498
484
499
485
500
486
501
487
502
488
503
489
504
490
505
491
506
492
507
493
508
494
509
495
510
511
816
497
512
498
513
499
514
500
515
501
516
502
517
503
518
504
519
505
520
506
521
507
522
508
523
509
524
510
525
511
526
527
824
513
528
514
529
515
530
516
531
517
532
518
533
519
534
520
535
521
536
522
537
523
538
524
539
525
540
526
541
527
542
543
832
529
544
530
545
531
546
532
547
533
548
534
549
535
550
536
551
537
552
538
553
539
554
540
555
541
556
542
557
543
558
559
840
545
560
546
561
547
562
548
563
549
564
550
565
551
566
552
567
553
568
554
569
555
570
556
571
557
572
558
573
559
574
575
848
561
576
562
577
563
578
564
579
565
580
566
581
567
582
568
583
569
584
570
585
571
586
572
587
573
588
574
589
575
590
591
856
577
592
578
593
579
594
580
595
581
596
582
597
583
598
584
599
585
600
586
601
587
602
588
603
589
604
590
605
591
606
607
864
593
608
594
609
595
610
596
611
597
612
598
613
599
614
600
615
601
616
602
617
603
618
604
619
605
620
606
621
607
622
623
872
609
624
610
625
611
626
612
627
613
628
614
629
615
630
616
631
617
632
618
633
619
634
620
635
621
636
622
637
623
638
639
880
625
626
627
628
629
630
631
632
633
634
635
636
637
638
639
888
641
648
642
649
643
650
644
651
645
652
646
653
647
654
655
896
649
656
650
657
651
658
652
659
653
660
654
661
655
662
663
936
657
664
658
665
659
666
660
667
661
668
662
669
663
670
671
976
665
672
666
673
667
674
668
675
669
676
670
677
671
678
679
1016
673
680
674
681
675
682
676
683
677
684
678
685
679
686
687
1056
681
688
682
689
683
690
684
691
685
692
686
693
687
694
695
1096
689
696
690
697
691
698
692
699
693
700
694
701
695
702
703
1136
697
704
698
705
699
706
700
707
701
708
702
709
703
710
711
1176
705
712
706
713
707
714
708
715
709
716
710
717
711
718
719
1216
713
720
714
721
715
722
716
723
717
724
718
725
719
726
727
1256
721
728
722
729
723
730
724
731
725
732
726
733
727
734
735
1296
729
736
730
737
731
738
732
739
733
740
734
741
735
742
743
1336
737
744
738
745
739
746
740
747
741
748
742
749
743
750
751
1376
745
752
746
753
747
754
748
755
749
756
750
757
751
758
759
1416
753
760
754
761
755
762
756
763
757
764
758
765
759
766
767
1456
761
762
763
764
765
766
767
1496
769
776
770
777
771
778
772
779
773
780
774
781
775
782
783
1856
777
784
778
785
779
786
780
787
781
788
782
789
783
790
791
1896
785
792
786
793
787
794
788
795
789
796
790
797
791
798
799
1936
793
800
794
801
795
802
796
803
797
804
798
805
799
806
807
1976
801
808
802
809
803
810
804
811
805
812
806
813
807
814
815
2016
809
816
810
817
811
818
812
819
813
820
814
821
815
822
823
2056
817
824
818
825
819
826
820
827
821
828
822
829
823
830
831
2096
825
832
826
833
827
834
828
835
829
836
830
837
831
838
839
2136
833
840
834
841
835
842
836
843
837
844
838
845
839
846
847
2176
841
848
842
849
843
850
844
851
845
852
846
853
847
854
855
2216
849
856
850
857
851
858
852
859
853
860
854
861
855
862
863
2256
857
864
858
865
859
866
860
867
861
868
862
869
863
870
871
2296
865
872
866
873
867
874
868
875
869
876
870
877
871
878
879
2336
873
880
874
881
875
882
876
883
877
884
878
885
879
886
887
2376
881
888
882
889
883
890
884
891
885
892
886
893
887
894
895
2416
889
890
891
892
893
894
895
2456
897
936
898
937
899
938
900
939
901
940
902
941
903
942
904
943
905
944
906
945
907
946
908
947
909
948
910
949
911
950
912
951
913
952
914
953
915
954
916
955
917
956
918
957
919
958
920
959
921
960
922
961
923
962
924
963
925
964
926
965
927
966
928
967
929
968
930
969
931
970
932
971
933
972
934
973
935
974
975
2496
937
976
938
977
939
978
940
979
941
980
942
981
943
982
944
983
945
984
946
985
947
986
948
987
949
988
950
989
951
990
952
991
953
992
954
993
955
994
956
995
957
996
958
997
959
998
960
999
961
1000
962
1001
963
1002
964
1003
965
1004
966
1005
967
1006
968
1007
969
1008
970
1009
971
1010
972
1011
973
1012
974
1013
975
1014
1015
2504
977
1016
978
1017
979
1018
980
1019
981
1020
982
1021
983
1022
984
1023
985
1024
986
1025
987
1026
988
1027
989
1028
990
1029
991
1030
992
1031
993
1032
994
1033
995
1034
996
1035
997
1036
998
1037
999
1038
1000
1039
1001
1040
1002
1041
1003
1042
1004
1043
1005
1044
1006
1045
1007
1046
1008
1047
1009
1048
1010
1049
1011
1050
1012
1051
1013
1052
1014
1053
1015
1054
1055
2512
1017
1056
1018
1057
1019
1058
1020
1059
1021
1060
1022
1061
1023
1062
1024
1063
1025
1064
1026
1065
1027
1066
1028
1067
1029
1068
1030
1069
1031
1070
1032
1071
1033
1072
1034
1073
1035
1074
1036
1075
1037
1076
1038
1077
1039
1078
1040
1079
1041
1080
1042
1081
1043
1082
1044
1083
1045
1084
1046
1085
1047
1086
1048
1087
1049
1088
1050
1089
1051
1090
1052
1091
1053
1092
1054
1093
1055
1094
1095
2520
1057
1096
1058
1097
1059
1098
1060
1099
1061
1100
1062
1101
1063
1102
1064
1103
1065
1104
1066
1105
1067
1106
1068
1107
1069
1108
1070
1109
1071
1110
1072
1111
1073
1112
1074
1113
1075
1114
1076
1115
1077
1116
1078
1117
1079
1118
1080
1119
1081
1120
1082
1121
1083
1122
1084
1123
1085
1124
1086
1125
1087
1126
1088
1127
1089
1128
1090
1129
1091
1130
1092
1131
1093
1132
1094
1133
1095
1134
1135
2528
1097
1136
1098
1137
1099
1138
1100
1139
1101
1140
1102
1141
1103
1142
1104
1143
1105
1144
1106
1145
1107
1146
1108
1147
1109
1148
1110
1149
1111
1150
1112
1151
1113
1152
1114
1153
1115
1154
1116
1155
1117
1156
1118
1157
1119
1158
1120
1159
1121
1160
1122
1161
1123
1162
1124
1163
1125
1164
1126
1165
1127
1166
1128
1167
1129
1168
1130
1169
1131
1170
1132
1171
1133
1172
1134
1173
1135
1174
1175
2536
1137
1176
1138
1177
1139
1178
1140
1179
1141
1180
1142
1181
1143
1182
1144
1183
1145
1184
1146
1185
1147
1186
1148
1187
1149
1188
1150
1189
1151
1190
1152
1191
1153
1192
1154
1193
1155
1194
1156
1195
1157
1196
1158
1197
1159
1198
1160
1199
1161
1200
1162
1201
1163
1202
1164
1203
1165
1204
1166
1205
1167
1206
1168
1207
1169
1208
1170
1209
1171
1210
1172
1211
1173
1212
1174
1213
1175
1214
1215
2544
1177
1216
1178
1217
1179
1218
1180
1219
1181
1220
1182
1221
1183
1222
1184
1223
1185
1224
1186
1225
1187
1226
1188
1227
1189
1228
1190
1229
1191
1230
1192
1231
1193
1232
1194
1233
1195
1234
1196
1235
1197
1236
1198
1237
1199
1238
1200
1239
1201
1240
1202
1241
1203
1242
1204
1243
1205
1244
1206
1245
1207
1246
1208
1247
1209
1248
1210
1249
1211
1250
1212
1251
1213
1252
1214
1253
1215
1254
1255
2552
1217
1256
1218
1257
1219
1258
1220
1259
1221
1260
1222
1261
1223
1262
1224
1263
1225
1264
1226
1265
1227
1266
1228
1267
1229
1268
1230
1269
1231
1270
1232
1271
1233
1272
1234
1273
1235
1274
1236
1275
1237
1276
1238
1277
1239
1278
1240
1279
1241
1280
1242
1281
1243
1282
1244
1283
1245
1284
1246
1285
1247
1286
1248
1287
1249
1288
1250
1289
1251
1290
1252
1291
1253
1292
1254
1293
1255
1294
1295
2560
1257
1296
1258
1297
1259
1298
1260
1299
1261
1300
1262
1301
1263
1302
1264
1303
1265
1304
1266
1305
1267
1306
1268
1307
1269
1308
1270
1309
1271
1310
1272
1311
1273
1312
1274
1313
1275
1314
1276
1315
1277
1316
1278
1317
1279
1318
1280
1319
1281
1320
1282
1321
1283
1322
1284
1323
1285
1324
1286
1325
1287
1326
1288
1327
1289
1328
1290
1329
1291
1330
1292
1331
1293
1332
1294
1333
1295
1334
1335
2568
1297
1336
1298
1337
1299
1338
1300
1339
1301
1340
1302
1341
1303
1342
1304
1343
1305
1344
1306
1345
1307
1346
1308
1347
1309
1348
1310
1349
1311
1350
1312
1351
1313
1352
1314
1353
1315
1354
1316
1355
1317
1356
1318
1357
1319
1358
1320
1359
1321
1360
1322
1361
1323
1362
1324
1363
1325
1364
1326
1365
1327
1366
1328
1367
1329
1368
1330
1369
1331
1370
1332
1371
1333
1372
1334
1373
1335
1374
1375
2576
1337
1376
1338
1377
1339
1378
1340
1379
1341
1380
1342
1381
1343
1382
1344
1383
1345
1384
1346
1385
1347
1386
1348
1387
1349
1388
1350
1389
1351
1390
1352
1391
1353
1392
1354
1393
1355
1394
1356
1395
1357
1396
1358
1397
1359
1398
1360
1399
1361
1400
1362
1401
1363
1402
1364
1403
1365
1404
1366
1405
1367
1406
1368
1407
1369
1408
1370
1409
1371
1410
1372
1411
1373
1412
1374
1413
1375
1414
1415
2584
1377
1416
1378
1417
1379
1418
1380
1419
1381
1420
1382
1421
1383
1422
1384
1423
1385
1424
1386
1425
1387
1426
1388
1427
1389
1428
1390
1429
1391
1430
1392
1431
1393
1432
1394
1433
1395
1434
1396
1435
1397
1436
1398
1437
1399
1438
1400
1439
1401
1440
1402
1441
1403
1442
1404
1443
1405
1444
1406
1445
1407
1446
1408
1447
1409
1448
1410
1449
1411
1450
1412
1451
1413
1452
1414
1453
1415
1454
1455
2592
1417
1456
1418
1457
1419
1458
1420
1459
1421
1460
1422
1461
1423
1462
1424
1463
1425
1464
1426
1465
1427
1466
1428
1467
1429
1468
1430
1469
1431
1470
1432
1471
1433
1472
1434
1473
1435
1474
1436
1475
1437
1476
1438
1477
1439
1478
1440
1479
1441
1480
1442
1481
1443
1482
1444
1483
1445
1484
1446
1485
1447
1486
1448
1487
1449
1488
1450
1489
1451
1490
1452
1491
1453
1492
1454
1493
1455
1494
1495
2600
1457
1496
1458
1497
1459
1498
1460
1499
1461
1500
1462
1501
1463
1502
1464
1503
1465
1504
1466
1505
1467
1506
1468
1507
1469
1508
1470
1509
1471
1510
1472
1511
1473
1512
1474
1513
1475
1514
1476
1515
1477
1516
1478
1517
1479
1518
1480
1519
1481
1520
1482
1521
1483
1522
1484
1523
1485
1524
1486
1525
1487
1526
1488
1527
1489
1528
1490
1529
1491
1530
1492
1531
1493
1532
1494
1533
1495
1534
1535
2608
1497
1536
1498
1537
1499
1538
1500
1539
1501
1540
1502
1541
1503
1542
1504
1543
1505
1544
1506
1545
1507
1546
1508
1547
1509
1548
1510
1549
1511
1550
1512
1551
1513
1552
1514
1553
1515
1554
1516
1555
1517
1556
1518
1557
1519
1558
1520
1559
1521
1560
1522
1561
1523
1562
1524
1563
1525
1564
1526
1565
1527
1566
1528
1567
1529
1568
1530
1569
1531
1570
1532
1571
1533
1572
1534
1573
1535
1574
1575
2616
1537
1576
1538
1577
1539
1578
1540
1579
1541
1580
1542
1581
1543
1582
1544
1583
1545
1584
1546
1585
1547
1586
1548
1587
1549
1588
1550
1589
1551
1590
1552
1591
1553
1592
1554
1593
1555
1594
1556
1595
1557
1596
1558
1597
1559
1598
1560
1599
1561
1600
1562
1601
1563
1602
1564
1603
1565
1604
1566
1605
1567
1606
1568
1607
1569
1608
1570
1609
1571
1610
1572
1611
1573
1612
1574
1613
1575
1614
1615
1577
1616
1578
1617
1579
1618
1580
1619
1581
1620
1582
1621
1583
1622
1584
1623
1585
1624
1586
1625
1587
1626
1588
1627
1589
1628
1590
1629
1591
1630
1592
1631
1593
1632
1594
1633
1595
1634
1596
1635
1597
1636
1598
1637
1599
1638
1600
1639
1601
1640
1602
1641
1603
1642
1604
1643
1605
1644
1606
1645
1607
1646
1608
1647
1609
1648
1610
1649
1611
1650
1612
1651
1613
1652
1614
1653
1615
1654
1655
1617
1656
1618
1657
1619
1658
1620
1659
1621
1660
1622
1661
1623
1662
1624
1663
1625
1664
1626
1665
1627
1666
1628
1667
1629
1668
1630
1669
1631
1670
1632
1671
1633
1672
1634
1673
1635
1674
1636
1675
1637
1676
1638
1677
1639
1678
1640
1679
1641
1680
1642
1681
1643
1682
1644
1683
1645
1684
1646
1685
1647
1686
1648
1687
1649
1688
1650
1689
1651
1690
1652
1691
1653
1692
1654
1693
1655
1694
1695
1657
1696
1658
1697
1659
1698
1660
1699
1661
1700
1662
1701
1663
1702
1664
1703
1665
1704
1666
1705
1667
1706
1668
1707
1669
1708
1670
1709
1671
1710
1672
1711
1673
1712
1674
1713
1675
1714
1676
1715
1677
1716
1678
1717
1679
1718
1680
1719
1681
1720
1682
1721
1683
1722
1684
1723
1685
1724
1686
1725
1687
1726
1688
1727
1689
1728
1690
1729
1691
1730
1692
1731
1693
1732
1694
1733
1695
1734
1735
1697
1736
1698
1737
1699
1738
1700
1739
1701
1740
1702
1741
1703
1742
1704
1743
1705
1744
1706
1745
1707
1746
1708
1747
1709
1748
1710
1749
1711
1750
1712
1751
1713
1752
1714
1753
1715
1754
1716
1755
1717
1756
1718
1757
1719
1758
1720
1759
1721
1760
1722
1761
1723
1762
1724
1763
1725
1764
1726
1765
1727
1766
1728
1767
1729
1768
1730
1769
1731
1770
1732
1771
1733
1772
1734
1773
1735
1774
1775
1737
1776
1738
1777
1739
1778
1740
1779
1741
1780
1742
1781
1743
1782
1744
1783
1745
1784
1746
1785
1747
1786
1748
1787
1749
1788
1750
1789
1751
1790
1752
1791
1753
1792
1754
1793
1755
1794
1756
1795
1757
1796
1758
1797
1759
1798
1760
1799
1761
1800
1762
1801
1763
1802
1764
1803
1765
1804
1766
1805
1767
1806
1768
1807
1769
1808
1770
1809
1771
1810
1772
1811
1773
1812
1774
1813
1775
1814
1815
1777
1816
1778
1817
1779
1818
1780
1819
1781
1820
1782
1821
1783
1822
1784
1823
1785
1824
1786
1825
1787
1826
1788
1827
1789
1828
1790
1829
1791
1830
1792
1831
1793
1832
1794
1833
1795
1834
1796
1835
1797
1836
1798
1837
1799
1838
1800
1839
1801
1840
1802
1841
1803
1842
1804
1843
1805
1844
1806
1845
1807
1846
1808
1847
1809
1848
1810
1849
1811
1850
1812
1851
1813
1852
1814
1853
1815
1854
1855
1817
1856
1818
1857
1819
1858
1820
1859
1821
1860
1822
1861
1823
1862
1824
1863
1825
1864
1826
1865
1827
1866
1828
1867
1829
1868
1830
1869
1831
1870
1832
1871
1833
1872
1834
1873
1835
1874
1836
1875
1837
1876
1838
1877
1839
1878
1840
1879
1841
1880
1842
1881
1843
1882
1844
1883
1845
1884
1846
1885
1847
1886
1848
1887
1849
1888
1850
1889
1851
1890
1852
1891
1853
1892
1854
1893
1855
1894
1895
1857
1896
1858
1897
1859
1898
1860
1899
1861
1900
1862
1901
1863
1902
1864
1903
1865
1904
1866
1905
1867
1906
1868
1907
1869
1908
1870
1909
1871
1910
1872
1911
1873
1912
1874
1913
1875
1914
1876
1915
1877
1916
1878
1917
1879
1918
1880
1919
1881
1920
1882
1921
1883
1922
1884
1923
1885
1924
1886
1925
1887
1926
1888
1927
1889
1928
1890
1929
1891
1930
1892
1931
1893
1932
1894
1933
1895
1934
1935
2624
1897
1936
1898
1937
1899
1938
1900
1939
1901
1940
1902
1941
1903
1942
1904
1943
1905
1944
1906
1945
1907
1946
1908
1947
1909
1948
1910
1949
1911
1950
1912
1951
1913
1952
1914
1953
1915
1954
1916
1955
1917
1956
1918
1957
1919
1958
1920
1959
1921
1960
1922
1961
1923
1962
1924
1963
1925
1964
1926
1965
1927
1966
1928
1967
1929
1968
1930
1969
1931
1970
1932
1971
1933
1972
1934
1973
1935
1974
1975
2632
1937
1976
1938
1977
1939
1978
1940
1979
1941
1980
1942
1981
1943
1982
1944
1983
1945
1984
1946
1985
1947
1986
1948
1987
1949
1988
1950
1989
1951
1990
1952
1991
1953
1992
1954
1993
1955
1994
1956
1995
1957
1996
1958
1997
1959
1998
1960
1999
1961
2000
1962
2001
1963
2002
1964
2003
1965
2004
1966
2005
1967
2006
1968
2007
1969
2008
1970
2009
1971
2010
1972
2011
1973
2012
1974
2013
1975
2014
2015
2640
1977
2016
1978
2017
1979
2018
1980
2019
1981
2020
1982
2021
1983
2022
1984
2023
1985
2024
1986
2025
1987
2026
1988
2027
1989
2028
1990
2029
1991
2030
1992
2031
1993
2032
1994
2033
1995
2034
1996
2035
1997
2036
1998
2037
1999
2038
2000
2039
2001
2040
2002
2041
2003
2042
2004
2043
2005
2044
2006
2045
2007
2046
2008
2047
2009
2048
2010
2049
2011
2050
2012
2051
2013
2052
2014
2053
2015
2054
2055
2648
2017
2056
2018
2057
2019
2058
2020
2059
2021
2060
2022
2061
2023
2062
2024
2063
2025
2064
2026
2065
2027
2066
2028
2067
2029
2068
2030
2069
2031
2070
2032
2071
2033
2072
2034
2073
2035
2074
2036
2075
2037
2076
2038
2077
2039
2078
2040
2079
2041
2080
2042
2081
2043
2082
2044
2083
2045
2084
2046
2085
2047
2086
2048
2087
2049
2088
2050
2089
2051
2090
2052
2091
2053
2092
2054
2093
2055
2094
2095
2656
2057
2096
2058
2097
2059
2098
2060
2099
2061
2100
2062
2101
2063
2102
2064
2103
2065
2104
2066
2105
2067
2106
2068
2107
2069
2108
2070
2109
2071
2110
2072
2111
2073
2112
2074
2113
2075
2114
2076
2115
2077
2116
2078
2117
2079
2118
2080
2119
2081
2120
2082
2121
2083
2122
2084
2123
2085
2124
2086
2125
2087
2126
2088
2127
2089
2128
2090
2129
2091
2130
2092
2131
2093
2132
2094
2133
2095
2134
2135
2664
2097
2136
2098
2137
2099
2138
2100
2139
2101
2140
2102
2141
2103
2142
2104
2143
2105
2144
2106
2145
2107
2146
2108
2147
2109
2148
2110
2149
2111
2150
2112
2151
2113
2152
2114
2153
2115
2154
2116
2155
2117
2156
2118
2157
2119
2158
2120
2159
2121
2160
2122
2161
2123
2162
2124
2163
2125
2164
2126
2165
2127
2166
2128
2167
2129
2168
2130
2169
2131
2170
2132
2171
2133
2172
2134
2173
2135
2174
2175
2672
2137
2176
2138
2177
2139
2178
2140
2179
2141
2180
2142
2181
2143
2182
2144
2183
2145
2184
2146
2185
2147
2186
2148
2187
2149
2188
2150
2189
2151
2190
2152
2191
2153
2192
2154
2193
2155
2194
2156
2195
2157
2196
2158
2197
2159
2198
2160
2199
2161
2200
2162
2201
2163
2202
2164
2203
2165
2204
2166
2205
2167
2206
2168
2207
2169
2208
2170
2209
2171
2210
2172
2211
2173
2212
2174
2213
2175
2214
2215
2680
2177
2216
2178
2217
2179
2218
2180
2219
2181
2220
2182
2221
2183
2222
2184
2223
2185
2224
2186
2225
2187
2226
2188
2227
2189
2228
2190
2229
2191
2230
2192
2231
2193
2232
2194
2233
2195
2234
2196
2235
2197
2236
2198
2237
2199
2238
2200
2239
2201
2240
2202
2241
2203
2242
2204
2243
2205
2244
2206
2245
2207
2246
2208
2247
2209
2248
2210
2249
2211
2250
2212
2251
2213
2252
2214
2253
2215
2254
2255
2688
2217
2256
2218
2257
2219
2258
2220
2259
2221
2260
2222
2261
2223
2262
2224
2263
2225
2264
2226
2265
2227
2266
2228
2267
2229
2268
2230
2269
2231
2270
2232
2271
2233
2272
2234
2273
2235
2274
2236
2275
2237
2276
2238
2277
2239
2278
2240
2279
2241
2280
2242
2281
2243
2282
2244
2283
2245
2284
2246
2285
2247
2286
2248
2287
2249
2288
2250
2289
2251
2290
2252
2291
2253
2292
2254
2293
2255
2294
2295
2696
2257
2296
2258
2297
2259
2298
2260
2299
2261
2300
2262
2301
2263
2302
2264
2303
2265
2304
2266
2305
2267
2306
2268
2307
2269
2308
2270
2309
2271
2310
2272
2311
2273
2312
2274
2313
2275
2314
2276
2315
2277
2316
2278
2317
2279
2318
2280
2319
2281
2320
2282
2321
2283
2322
2284
2323
2285
2324
2286
2325
2287
2326
2288
2327
2289
2328
2290
2329
2291
2330
2292
2331
2293
2332
2294
2333
2295
2334
2335
2704
2297
2336
2298
2337
2299
2338
2300
2339
2301
2340
2302
2341
2303
2342
2304
2343
2305
2344
2306
2345
2307
2346
2308
2347
2309
2348
2310
2349
2311
2350
2312
2351
2313
2352
2314
2353
2315
2354
2316
2355
2317
2356
2318
2357
2319
2358
2320
2359
2321
2360
2322
2361
2323
2362
2324
2363
2325
2364
2326
2365
2327
2366
2328
2367
2329
2368
2330
2369
2331
2370
2332
2371
2333
2372
2334
2373
2335
2374
2375
2712
2337
2376
2338
2377
2339
2378
2340
2379
2341
2380
2342
2381
2343
2382
2344
2383
2345
2384
2346
2385
2347
2386
2348
2387
2349
2388
2350
2389
2351
2390
2352
2391
2353
2392
2354
2393
2355
2394
2356
2395
2357
2396
2358
2397
2359
2398
2360
2399
2361
2400
2362
2401
2363
2402
2364
2403
2365
2404
2366
2405
2367
2406
2368
2407
2369
2408
2370
2409
2371
2410
2372
2411
2373
2412
2374
2413
2375
2414
2415
2720
2377
2416
2378
2417
2379
2418
2380
2419
2381
2420
2382
2421
2383
2422
2384
2423
2385
2424
2386
2425
2387
2426
2388
2427
2389
2428
2390
2429
2391
2430
2392
2431
2393
2432
2394
2433
2395
2434
2396
2435
2397
2436
2398
2437
2399
2438
2400
2439
2401
2440
2402
2441
2403
2442
2404
2443
2405
2444
2406
2445
2407
2446
2408
2447
2409
2448
2410
2449
2411
2450
2412
2451
2413
2452
2414
2453
2415
2454
2455
2728
2417
2456
2418
2457
2419
2458
2420
2459
2421
2460
2422
2461
2423
2462
2424
2463
2425
2464
2426
2465
2427
2466
2428
2467
2429
2468
2430
2469
2431
2470
2432
2471
2433
2472
2434
2473
2435
2474
2436
2475
2437
2476
2438
2477
2439
2478
2440
2479
2441
2480
2442
2481
2443
2482
2444
2483
2445
2484
2446
2485
2447
2486
2448
2487
2449
2488
2450
2489
2451
2490
2452
2491
2453
2492
2454
2493
2455
2494
2495
2736
2457
2458
2459
2460
2461
2462
2463
2464
2465
2466
2467
2468
2469
2470
2471
2472
2473
2474
2475
2476
2477
2478
2479
2480
2481
2482
2483
2484
2485
2486
2487
2488
2489
2490
2491
2492
2493
2494
2495
2744
2497
2504
2498
2505
2499
2506
2500
2507
2501
2508
2502
2509
2503
2510
2511
2752
2505
2512
2506
2513
2507
2514
2508
2515
2509
2516
2510
2517
2511
2518
2519
2848
2513
2520
2514
2521
2515
2522
2516
2523
2517
2524
2518
2525
2519
2526
2527
2944
2521
2528
2522
2529
2523
2530
2524
2531
2525
2532
2526
2533
2527
2534
2535
3040
2529
2536
2530
2537
2531
2538
2532
2539
2533
2540
2534
2541
2535
2542
2543
3136
2537
2544
2538
2545
2539
2546
2540
2547
2541
2548
2542
2549
2543
2550
2551
3232
2545
2552
2546
2553
2547
2554
2548
2555
2549
2556
2550
2557
2551
2558
2559
3328
2553
2560
2554
2561
2555
2562
2556
2563
2557
2564
2558
2565
2559
2566
2567
3424
2561
2568
2562
2569
2563
2570
2564
2571
2565
2572
2566
2573
2567
2574
2575
3520
2569
2576
2570
2577
2571
2578
2572
2579
2573
2580
2574
2581
2575
2582
2583
3616
2577
2584
2578
2585
2579
2586
2580
2587
2581
2588
2582
2589
2583
2590
2591
3712
2585
2592
2586
2593
2587
2594
2588
2595
2589
2596
2590
2597
2591
2598
2599
3808
2593
2600
2594
2601
2595
2602
2596
2603
2597
2604
2598
2605
2599
2606
2607
3904
2601
2608
2602
2609
2603
2610
2604
2611
2605
2612
2606
2613
2607
2614
2615
4000
2609
2616
2610
2617
2611
2618
2612
2619
2613
2620
2614
2621
2615
2622
2623
4096
2617
2618
2619
2620
2621
2622
2623
4192
2625
2632
2626
2633
2627
2634
2628
2635
2629
2636
2630
2637
2631
2638
2639
5056
2633
2640
2634
2641
2635
2642
2636
2643
2637
2644
2638
2645
2639
2646
2647
5152
2641
2648
2642
2649
2643
2650
2644
2651
2645
2652
2646
2653
2647
2654
2655
5248
2649
2656
2650
2657
2651
2658
2652
2659
2653
2660
2654
2661
2655
2662
2663
5344
2657
2664
2658
2665
2659
2666
2660
2667
2661
2668
2662
2669
2663
2670
2671
5440
2665
2672
2666
2673
2667
2674
2668
2675
2669
2676
2670
2677
2671
2678
2679
5536
2673
2680
2674
2681
2675
2682
2676
2683
2677
2684
2678
2685
2679
2686
2687
5632
2681
2688
2682
2689
2683
2690
2684
2691
2685
2692
2686
2693
2687
2694
2695
5728
2689
2696
2690
2697
2691
2698
2692
2699
2693
2700
2694
2701
2695
2702
2703
5824
2697
2704
2698
2705
2699
2706
2700
2707
2701
2708
2702
2709
2703
2710
2711
5920
2705
2712
2706
2713
2707
2714
2708
2715
2709
2716
2710
2717
2711
2718
2719
6016
2713
2720
2714
2721
2715
2722
2716
2723
2717
2724
2718
2725
2719
2726
2727
6112
2721
2728
2722
2729
2723
2730
2724
2731
2725
2732
2726
2733
2727
2734
2735
6208
2729
2736
2730
2737
2731
2738
2732
2739
2733
2740
2734
2741
2735
2742
2743
6304
2737
2744
2738
2745
2739
2746
2740
2747
2741
2748
2742
2749
2743
2750
2751
6400
2745
2746
2747
2748
2749
2750
2751
6496
2753
2848
2754
2849
2755
2850
2756
2851
2757
2852
2758
2853
2759
2854
2760
2855
2761
2856
2762
2857
2763
2858
2764
2859
2765
2860
2766
2861
2767
2862
2768
2863
2769
2864
2770
2865
2771
2866
2772
2867
2773
2868
2774
2869
2775
2870
2776
2871
2777
2872
2778
2873
2779
2874
2780
2875
2781
2876
2782
2877
2783
2878
2784
2879
2785
2880
2786
2881
2787
2882
2788
2883
2789
2884
2790
2885
2791
2886
2792
2887
2793
2888
2794
2889
2795
2890
2796
2891
2797
2892
2798
2893
2799
2894
2800
2895
2801
2896
2802
2897
2803
2898
2804
2899
2805
2900
2806
2901
2807
2902
2808
2903
2809
2904
2810
2905
2811
2906
2812
2907
2813
2908
2814
2909
2815
2910
2816
2911
2817
2912
2818
2913
2819
2914
2820
2915
2821
2916
2822
2917
2823
2918
2824
2919
2825
2920
2826
2921
2827
2922
2828
2923
2829
2924
2830
2925
2831
2926
2832
2927
2833
2928
2834
2929
2835
2930
2836
2931
2837
2932
2838
2933
2839
2934
2840
2935
2841
2936
2842
2937
2843
2938
2844
2939
2845
2940
2846
2941
2847
2942
2943
2849
2944
2850
2945
2851
2946
2852
2947
2853
2948
2854
2949
2855
2950
2856
2951
2857
2952
2858
2953
2859
2954
2860
2955
2861
2956
2862
2957
2863
2958
2864
2959
2865
2960
2866
2961
2867
2962
2868
2963
2869
2964
2870
2965
2871
2966
2872
2967
2873
2968
2874
2969
2875
2970
2876
2971
2877
2972
2878
2973
2879
2974
2880
2975
2881
2976
2882
2977
2883
2978
2884
2979
2885
2980
2886
2981
2887
2982
2888
2983
2889
2984
2890
2985
2891
2986
2892
2987
2893
2988
2894
2989
2895
2990
2896
2991
2897
2992
2898
2993
2899
2994
2900
2995
2901
2996
2902
2997
2903
2998
2904
2999
2905
3000
2906
3001
2907
3002
2908
3003
2909
3004
2910
3005
2911
3006
2912
3007
2913
3008
2914
3009
2915
3010
2916
3011
2917
3012
2918
3013
2919
3014
2920
3015
2921
3016
2922
3017
2923
3018
2924
3019
2925
3020
2926
3021
2927
3022
2928
3023
2929
3024
2930
3025
2931
3026
2932
3027
2933
3028
2934
3029
2935
3030
2936
3031
2937
3032
2938
3033
2939
3034
2940
3035
2941
3036
2942
3037
2943
3038
3039
2945
3040
2946
3041
2947
3042
2948
3043
2949
3044
2950
3045
2951
3046
2952
3047
2953
3048
2954
3049
2955
3050
2956
3051
2957
3052
2958
3053
2959
3054
2960
3055
2961
3056
2962
3057
2963
3058
2964
3059
2965
3060
2966
3061
2967
3062
2968
3063
2969
3064
2970
3065
2971
3066
2972
3067
2973
3068
2974
3069
2975
3070
2976
3071
2977
3072
2978
3073
2979
3074
2980
3075
2981
3076
2982
3077
2983
3078
2984
3079
2985
3080
2986
3081
2987
3082
2988
3083
2989
3084
2990
3085
2991
3086
2992
3087
2993
3088
2994
3089
2995
3090
2996
3091
2997
3092
2998
3093
2999
3094
3000
3095
3001
3096
3002
3097
3003
3098
3004
3099
3005
3100
3006
3101
3007
3102
3008
3103
3009
3104
3010
3105
3011
3106
3012
3107
3013
3108
3014
3109
3015
3110
3016
3111
3017
3112
3018
3113
3019
3114
3020
3115
3021
3116
3022
3117
3023
3118
3024
3119
3025
3120
3026
3121
3027
3122
3028
3123
3029
3124
3030
3125
3031
3126
3032
3127
3033
3128
3034
3129
3035
3130
3036
3131
3037
3132
3038
3133
3039
3134
3135
3041
3136
3042
3137
3043
3138
3044
3139
3045
3140
3046
3141
3047
3142
3048
3143
3049
3144
3050
3145
3051
3146
3052
3147
3053
3148
3054
3149
3055
3150
3056
3151
3057
3152
3058
3153
3059
3154
3060
3155
3061
3156
3062
3157
3063
3158
3064
3159
3065
3160
3066
3161
3067
3162
3068
3163
3069
3164
3070
3165
3071
3166
3072
3167
3073
3168
3074
3169
3075
3170
3076
3171
3077
3172
3078
3173
3079
3174
3080
3175
3081
3176
3082
3177
3083
3178
3084
3179
3085
3180
3086
3181
3087
3182
3088
3183
3089
3184
3090
3185
3091
3186
3092
3187
3093
3188
3094
3189
3095
3190
3096
3191
3097
3192
3098
3193
3099
3194
3100
3195
3101
3196
3102
3197
3103
3198
3104
3199
3105
3200
3106
3201
3107
3202
3108
3203
3109
3204
3110
3205
3111
3206
3112
3207
3113
3208
3114
3209
3115
3210
3116
3211
3117
3212
3118
3213
3119
3214
3120
3215
3121
3216
3122
3217
3123
3218
3124
3219
3125
3220
3126
3221
3127
3222
3128
3223
3129
3224
3130
3225
3131
3226
3132
3227
3133
3228
3134
3229
3135
3230
3231
3137
3232
3138
3233
3139
3234
3140
3235
3141
3236
3142
3237
3143
3238
3144
3239
3145
3240
3146
3241
3147
3242
3148
3243
3149
3244
3150
3245
3151
3246
3152
3247
3153
3248
3154
3249
3155
3250
3156
3251
3157
3252
3158
3253
3159
3254
3160
3255
3161
3256
3162
3257
3163
3258
3164
3259
3165
3260
3166
3261
3167
3262
3168
3263
3169
3264
3170
3265
3171
3266
3172
3267
3173
3268
3174
3269
3175
3270
3176
3271
3177
3272
3178
3273
3179
3274
3180
3275
3181
3276
3182
3277
3183
3278
3184
3279
3185
3280
3186
3281
3187
3282
3188
3283
3189
3284
3190
3285
3191
3286
3192
3287
3193
3288
3194
3289
3195
3290
3196
3291
3197
3292
3198
3293
3199
3294
3200
3295
3201
3296
3202
3297
3203
3298
3204
3299
3205
3300
3206
3301
3207
3302
3208
3303
3209
3304
3210
3305
3211
3306
3212
3307
3213
3308
3214
3309
3215
3310
3216
3311
3217
3312
3218
3313
3219
3314
3220
3315
3221
3316
3222
3317
3223
3318
3224
3319
3225
3320
3226
3321
3227
3322
3228
3323
3229
3324
3230
3325
3231
3326
3327
3233
3328
3234
3329
3235
3330
3236
3331
3237
3332
3238
3333
3239
3334
3240
3335
3241
3336
3242
3337
3243
3338
3244
3339
3245
3340
3246
3341
3247
3342
3248
3343
3249
3344
3250
3345
3251
3346
3252
3347
3253
3348
3254
3349
3255
3350
3256
3351
3257
3352
3258
3353
3259
3354
3260
3355
3261
3356
3262
3357
3263
3358
3264
3359
3265
3360
3266
3361
3267
3362
3268
3363
3269
3364
3270
3365
3271
3366
3272
3367
3273
3368
3274
3369
3275
3370
3276
3371
3277
3372
3278
3373
3279
3374
3280
3375
3281
3376
3282
3377
3283
3378
3284
3379
3285
3380
3286
3381
3287
3382
3288
3383
3289
3384
3290
3385
3291
3386
3292
3387
3293
3388
3294
3389
3295
3390
3296
3391
3297
3392
3298
3393
3299
3394
3300
3395
3301
3396
3302
3397
3303
3398
3304
3399
3305
3400
3306
3401
3307
3402
3308
3403
3309
3404
3310
3405
3311
3406
3312
3407
3313
3408
3314
3409
3315
3410
3316
3411
3317
3412
3318
3413
3319
3414
3320
3415
3321
3416
3322
3417
3323
3418
3324
3419
3325
3420
3326
3421
3327
3422
3423
3329
3424
3330
3425
3331
3426
3332
3427
3333
3428
3334
3429
3335
3430
3336
3431
3337
3432
3338
3433
3339
3434
3340
3435
3341
3436
3342
3437
3343
3438
3344
3439
3345
3440
3346
3441
3347
3442
3348
3443
3349
3444
3350
3445
3351
3446
3352
3447
3353
3448
3354
3449
3355
3450
3356
3451
3357
3452
3358
3453
3359
3454
3360
3455
3361
3456
3362
3457
3363
3458
3364
3459
3365
3460
3366
3461
3367
3462
3368
3463
3369
3464
3370
3465
3371
3466
3372
3467
3373
3468
3374
3469
3375
3470
3376
3471
3377
3472
3378
3473
3379
3474
3380
3475
3381
3476
3382
3477
3383
3478
3384
3479
3385
3480
3386
3481
3387
3482
3388
3483
3389
3484
3390
3485
3391
3486
3392
3487
3393
3488
3394
3489
3395
3490
3396
3491
3397
3492
3398
3493
3399
3494
3400
3495
3401
3496
3402
3497
3403
3498
3404
3499
3405
3500
3406
3501
3407
3502
3408
3503
3409
3504
3410
3505
3411
3506
3412
3507
3413
3508
3414
3509
3415
3510
3416
3511
3417
3512
3418
3513
3419
3514
3420
3515
3421
3516
3422
3517
3423
3518
3519
3425
3520
3426
3521
3427
3522
3428
3523
3429
3524
3430
3525
3431
3526
3432
3527
3433
3528
3434
3529
3435
3530
3436
3531
3437
3532
3438
3533
3439
3534
3440
3535
3441
3536
3442
3537
3443
3538
3444
3539
3445
3540
3446
3541
3447
3542
3448
3543
3449
3544
3450
3545
3451
3546
3452
3547
3453
3548
3454
3549
3455
3550
3456
3551
3457
3552
3458
3553
3459
3554
3460
3555
3461
3556
3462
3557
3463
3558
3464
3559
3465
3560
3466
3561
3467
3562
3468
3563
3469
3564
3470
3565
3471
3566
3472
3567
3473
3568
3474
3569
3475
3570
3476
3571
3477
3572
3478
3573
3479
3574
3480
3575
3481
3576
3482
3577
3483
3578
3484
3579
3485
3580
3486
3581
3487
3582
3488
3583
3489
3584
3490
3585
3491
3586
3492
3587
3493
3588
3494
3589
3495
3590
3496
3591
3497
3592
3498
3593
3499
3594
3500
3595
3501
3596
3502
3597
3503
3598
3504
3599
3505
3600
3506
3601
3507
3602
3508
3603
3509
3604
3510
3605
3511
3606
3512
3607
3513
3608
3514
3609
3515
3610
3516
3611
3517
3612
3518
3613
3519
3614
3615
3521
3616
3522
3617
3523
3618
3524
3619
3525
3620
3526
3621
3527
3622
3528
3623
3529
3624
3530
3625
3531
3626
3532
3627
3533
3628
3534
3629
3535
3630
3536
3631
3537
3632
3538
3633
3539
3634
3540
3635
3541
3636
3542
3637
3543
3638
3544
3639
3545
3640
3546
3641
3547
3642
3548
3643
3549
3644
3550
3645
3551
3646
3552
3647
3553
3648
3554
3649
3555
3650
3556
3651
3557
3652
3558
3653
3559
3654
3560
3655
3561
3656
3562
3657
3563
3658
3564
3659
3565
3660
3566
3661
3567
3662
3568
3663
3569
3664
3570
3665
3571
3666
3572
3667
3573
3668
3574
3669
3575
3670
3576
3671
3577
3672
3578
3673
3579
3674
3580
3675
3581
3676
3582
3677
3583
3678
3584
3679
3585
3680
3586
3681
3587
3682
3588
3683
3589
3684
3590
3685
3591
3686
3592
3687
3593
3688
3594
3689
3595
3690
3596
3691
3597
3692
3598
3693
3599
3694
3600
3695
3601
3696
3602
3697
3603
3698
3604
3699
3605
3700
3606
3701
3607
3702
3608
3703
3609
3704
3610
3705
3611
3706
3612
3707
3613
3708
3614
3709
3615
3710
3711
3617
3712
3618
3713
3619
3714
3620
3715
3621
3716
3622
3717
3623
3718
3624
3719
3625
3720
3626
3721
3627
3722
3628
3723
3629
3724
3630
3725
3631
3726
3632
3727
3633
3728
3634
3729
3635
3730
3636
3731
3637
3732
3638
3733
3639
3734
3640
3735
3641
3736
3642
3737
3643
3738
3644
3739
3645
3740
3646
3741
3647
3742
3648
3743
3649
3744
3650
3745
3651
3746
3652
3747
3653
3748
3654
3749
3655
3750
3656
3751
3657
3752
3658
3753
3659
3754
3660
3755
3661
3756
3662
3757
3663
3758
3664
3759
3665
3760
3666
3761
3667
3762
3668
3763
3669
3764
3670
3765
3671
3766
3672
3767
3673
3768
3674
3769
3675
3770
3676
3771
3677
3772
3678
3773
3679
3774
3680
3775
3681
3776
3682
3777
3683
3778
3684
3779
3685
3780
3686
3781
3687
3782
3688
3783
3689
3784
3690
3785
3691
3786
3692
3787
3693
3788
3694
3789
3695
3790
3696
3791
3697
3792
3698
3793
3699
3794
3700
3795
3701
3796
3702
3797
3703
3798
3704
3799
3705
3800
3706
3801
3707
3802
3708
3803
3709
3804
3710
3805
3711
3806
3807
3713
3808
3714
3809
3715
3810
3716
3811
3717
3812
3718
3813
3719
3814
3720
3815
3721
3816
3722
3817
3723
3818
3724
3819
3725
3820
3726
3821
3727
3822
3728
3823
3729
3824
3730
3825
3731
3826
3732
3827
3733
3828
3734
3829
3735
3830
3736
3831
3737
3832
3738
3833
3739
3834
3740
3835
3741
3836
3742
3837
3743
3838
3744
3839
3745
3840
3746
3841
3747
3842
3748
3843
3749
3844
3750
3845
3751
3846
3752
3847
3753
3848
3754
3849
3755
3850
3756
3851
3757
3852
3758
3853
3759
3854
3760
3855
3761
3856
3762
3857
3763
3858
3764
3859
3765
3860
3766
3861
3767
3862
3768
3863
3769
3864
3770
3865
3771
3866
3772
3867
3773
3868
3774
3869
3775
3870
3776
3871
3777
3872
3778
3873
3779
3874
3780
3875
3781
3876
3782
3877
3783
3878
3784
3879
3785
3880
3786
3881
3787
3882
3788
3883
3789
3884
3790
3885
3791
3886
3792
3887
3793
3888
3794
3889
3795
3890
3796
3891
3797
3892
3798
3893
3799
3894
3800
3895
3801
3896
3802
3897
3803
3898
3804
3899
3805
3900
3806
3901
3807
3902
3903
3809
3904
3810
3905
3811
3906
3812
3907
3813
3908
3814
3909
3815
3910
3816
3911
3817
3912
3818
3913
3819
3914
3820
3915
3821
3916
3822
3917
3823
3918
3824
3919
3825
3920
3826
3921
3827
3922
3828
3923
3829
3924
3830
3925
3831
3926
3832
3927
3833
3928
3834
3929
3835
3930
3836
3931
3837
3932
3838
3933
3839
3934
3840
3935
3841
3936
3842
3937
3843
3938
3844
3939
3845
3940
3846
3941
3847
3942
3848
3943
3849
3944
3850
3945
3851
3946
3852
3947
3853
3948
3854
3949
3855
3950
3856
3951
3857
3952
3858
3953
3859
3954
3860
3955
3861
3956
3862
3957
3863
3958
3864
3959
3865
3960
3866
3961
3867
3962
3868
3963
3869
3964
3870
3965
3871
3966
3872
3967
3873
3968
3874
3969
3875
3970
3876
3971
3877
3972
3878
3973
3879
3974
3880
3975
3881
3976
3882
3977
3883
3978
3884
3979
3885
3980
3886
3981
3887
3982
3888
3983
3889
3984
3890
3985
3891
3986
3892
3987
3893
3988
3894
3989
3895
3990
3896
3991
3897
3992
3898
3993
3899
3994
3900
3995
3901
3996
3902
3997
3903
3998
3999
3905
4000
3906
4001
3907
4002
3908
4003
3909
4004
3910
4005
3911
4006
3912
4007
3913
4008
3914
4009
3915
4010
3916
4011
3917
4012
3918
4013
3919
4014
3920
4015
3921
4016
3922
4017
3923
4018
3924
4019
3925
4020
3926
4021
3927
4022
3928
4023
3929
4024
3930
4025
3931
4026
3932
4027
3933
4028
3934
4029
3935
4030
3936
4031
3937
4032
3938
4033
3939
4034
3940
4035
3941
4036
3942
4037
3943
4038
3944
4039
3945
4040
3946
4041
3947
4042
3948
4043
3949
4044
3950
4045
3951
4046
3952
4047
3953
4048
3954
4049
3955
4050
3956
4051
3957
4052
3958
4053
3959
4054
3960
4055
3961
4056
3962
4057
3963
4058
3964
4059
3965
4060
3966
4061
3967
4062
3968
4063
3969
4064
3970
4065
3971
4066
3972
4067
3973
4068
3974
4069
3975
4070
3976
4071
3977
4072
3978
4073
3979
4074
3980
4075
3981
4076
3982
4077
3983
4078
3984
4079
3985
4080
3986
4081
3987
4082
3988
4083
3989
4084
3990
4085
3991
4086
3992
4087
3993
4088
3994
4089
3995
4090
3996
4091
3997
4092
3998
4093
3999
4094
4095
4001
4096
4002
4097
4003
4098
4004
4099
4005
4100
4006
4101
4007
4102
4008
4103
4009
4104
4010
4105
4011
4106
4012
4107
4013
4108
4014
4109
4015
4110
4016
4111
4017
4112
4018
4113
4019
4114
4020
4115
4021
4116
4022
4117
4023
4118
4024
4119
4025
4120
4026
4121
4027
4122
4028
4123
4029
4124
4030
4125
4031
4126
4032
4127
4033
4128
4034
4129
4035
4130
4036
4131
4037
4132
4038
4133
4039
4134
4040
4135
4041
4136
4042
4137
4043
4138
4044
4139
4045
4140
4046
4141
4047
4142
4048
4143
4049
4144
4050
4145
4051
4146
4052
4147
4053
4148
4054
4149
4055
4150
4056
4151
4057
4152
4058
4153
4059
4154
4060
4155
4061
4156
4062
4157
4063
4158
4064
4159
4065
4160
4066
4161
4067
4162
4068
4163
4069
4164
4070
4165
4071
4166
4072
4167
4073
4168
4074
4169
4075
4170
4076
4171
4077
4172
4078
4173
4079
4174
4080
4175
4081
4176
4082
4177
4083
4178
4084
4179
4085
4180
4086
4181
4087
4182
4088
4183
4089
4184
4090
4185
4091
4186
4092
4187
4093
4188
4094
4189
4095
4190
4191
4097
4192
4098
4193
4099
4194
4100
4195
4101
4196
4102
4197
4103
4198
4104
4199
4105
4200
4106
4201
4107
4202
4108
4203
4109
4204
4110
4205
4111
4206
4112
4207
4113
4208
4114
4209
4115
4210
4116
4211
4117
4212
4118
4213
4119
4214
4120
4215
4121
4216
4122
4217
4123
4218
4124
4219
4125
4220
4126
4221
4127
4222
4128
4223
4129
4224
4130
4225
4131
4226
4132
4227
4133
4228
4134
4229
4135
4230
4136
4231
4137
4232
4138
4233
4139
4234
4140
4235
4141
4236
4142
4237
4143
4238
4144
4239
4145
4240
4146
4241
4147
4242
4148
4243
4149
4244
4150
4245
4151
4246
4152
4247
4153
4248
4154
4249
4155
4250
4156
4251
4157
4252
4158
4253
4159
4254
4160
4255
4161
4256
4162
4257
4163
4258
4164
4259
4165
4260
4166
4261
4167
4262
4168
4263
4169
4264
4170
4265
4171
4266
4172
4267
4173
4268
4174
4269
4175
4270
4176
4271
4177
4272
4178
4273
4179
4274
4180
4275
4181
4276
4182
4277
4183
4278
4184
4279
4185
4280
4186
4281
4187
4282
4188
4283
4189
4284
4190
4285
4191
4286
4287
4193
4288
4194
4289
4195
4290
4196
4291
4197
4292
4198
4293
4199
4294
4200
4295
4201
4296
4202
4297
4203
4298
4204
4299
4205
4300
4206
4301
4207
4302
4208
4303
4209
4304
4210
4305
4211
4306
4212
4307
4213
4308
4214
4309
4215
4310
4216
4311
4217
4312
4218
4313
4219
4314
4220
4315
4221
4316
4222
4317
4223
4318
4224
4319
4225
4320
4226
4321
4227
4322
4228
4323
4229
4324
4230
4325
4231
4326
4232
4327
4233
4328
4234
4329
4235
4330
4236
4331
4237
4332
4238
4333
4239
4334
4240
4335
4241
4336
4242
4337
4243
4338
4244
4339
4245
4340
4246
4341
4247
4342
4248
4343
4249
4344
4250
4345
4251
4346
4252
4347
4253
4348
4254
4349
4255
4350
4256
4351
4257
4352
4258
4353
4259
4354
4260
4355
4261
4356
4262
4357
4263
4358
4264
4359
4265
4360
4266
4361
4267
4362
4268
4363
4269
4364
4270
4365
4271
4366
4272
4367
4273
4368
4274
4369
4275
4370
4276
4371
4277
4372
4278
4373
4279
4374
4280
4375
4281
4376
4282
4377
4283
4378
4284
4379
4285
4380
4286
4381
4287
4382
4383
4289
4384
4290
4385
4291
4386
4292
4387
4293
4388
4294
4389
4295
4390
4296
4391
4297
4392
4298
4393
4299
4394
4300
4395
4301
4396
4302
4397
4303
4398
4304
4399
4305
4400
4306
4401
4307
4402
4308
4403
4309
4404
4310
4405
4311
4406
4312
4407
4313
4408
4314
4409
4315
4410
4316
4411
4317
4412
4318
4413
4319
4414
4320
4415
4321
4416
4322
4417
4323
4418
4324
4419
4325
4420
4326
4421
4327
4422
4328
4423
4329
4424
4330
4425
4331
4426
4332
4427
4333
4428
4334
4429
4335
4430
4336
4431
4337
4432
4338
4433
4339
4434
4340
4435
4341
4436
4342
4437
4343
4438
4344
4439
4345
4440
4346
4441
4347
4442
4348
4443
4349
4444
4350
4445
4351
4446
4352
4447
4353
4448
4354
4449
4355
4450
4356
4451
4357
4452
4358
4453
4359
4454
4360
4455
4361
4456
4362
4457
4363
4458
4364
4459
4365
4460
4366
4461
4367
4462
4368
4463
4369
4464
4370
4465
4371
4466
4372
4467
4373
4468
4374
4469
4375
4470
4376
4471
4377
4472
4378
4473
4379
4474
4380
4475
4381
4476
4382
4477
4383
4478
4479
4385
4480
4386
4481
4387
4482
4388
4483
4389
4484
4390
4485
4391
4486
4392
4487
4393
4488
4394
4489
4395
4490
4396
4491
4397
4492
4398
4493
4399
4494
4400
4495
4401
4496
4402
4497
4403
4498
4404
4499
4405
4500
4406
4501
4407
4502
4408
4503
4409
4504
4410
4505
4411
4506
4412
4507
4413
4508
4414
4509
4415
4510
4416
4511
4417
4512
4418
4513
4419
4514
4420
4515
4421
4516
4422
4517
4423
4518
4424
4519
4425
4520
4426
4521
4427
4522
4428
4523
4429
4524
4430
4525
4431
4526
4432
4527
4433
4528
4434
4529
4435
4530
4436
4531
4437
4532
4438
4533
4439
4534
4440
4535
4441
4536
4442
4537
4443
4538
4444
4539
4445
4540
4446
4541
4447
4542
4448
4543
4449
4544
4450
4545
4451
4546
4452
4547
4453
4548
4454
4549
4455
4550
4456
4551
4457
4552
4458
4553
4459
4554
4460
4555
4461
4556
4462
4557
4463
4558
4464
4559
4465
4560
4466
4561
4467
4562
4468
4563
4469
4564
4470
4565
4471
4566
4472
4567
4473
4568
4474
4569
4475
4570
4476
4571
4477
4572
4478
4573
4479
4574
4575
4481
4576
4482
4577
4483
4578
4484
4579
4485
4580
4486
4581
4487
4582
4488
4583
4489
4584
4490
4585
4491
4586
4492
4587
4493
4588
4494
4589
4495
4590
4496
4591
4497
4592
4498
4593
4499
4594
4500
4595
4501
4596
4502
4597
4503
4598
4504
4599
4505
4600
4506
4601
4507
4602
4508
4603
4509
4604
4510
4605
4511
4606
4512
4607
4513
4608
4514
4609
4515
4610
4516
4611
4517
4612
4518
4613
4519
4614
4520
4615
4521
4616
4522
4617
4523
4618
4524
4619
4525
4620
4526
4621
4527
4622
4528
4623
4529
4624
4530
4625
4531
4626
4532
4627
4533
4628
4534
4629
4535
4630
4536
4631
4537
4632
4538
4633
4539
4634
4540
4635
4541
4636
4542
4637
4543
4638
4544
4639
4545
4640
4546
4641
4547
4642
4548
4643
4549
4644
4550
4645
4551
4646
4552
4647
4553
4648
4554
4649
4555
4650
4556
4651
4557
4652
4558
4653
4559
4654
4560
4655
4561
4656
4562
4657
4563
4658
4564
4659
4565
4660
4566
4661
4567
4662
4568
4663
4569
4664
4570
4665
4571
4666
4572
4667
4573
4668
4574
4669
4575
4670
4671
4577
4672
4578
4673
4579
4674
4580
4675
4581
4676
4582
4677
4583
4678
4584
4679
4585
4680
4586
4681
4587
4682
4588
4683
4589
4684
4590
4685
4591
4686
4592
4687
4593
4688
4594
4689
4595
4690
4596
4691
4597
4692
4598
4693
4599
4694
4600
4695
4601
4696
4602
4697
4603
4698
4604
4699
4605
4700
4606
4701
4607
4702
4608
4703
4609
4704
4610
4705
4611
4706
4612
4707
4613
4708
4614
4709
4615
4710
4616
4711
4617
4712
4618
4713
4619
4714
4620
4715
4621
4716
4622
4717
4623
4718
4624
4719
4625
4720
4626
4721
4627
4722
4628
4723
4629
4724
4630
4725
4631
4726
4632
4727
4633
4728
4634
4729
4635
4730
4636
4731
4637
4732
4638
4733
4639
4734
4640
4735
4641
4736
4642
4737
4643
4738
4644
4739
4645
4740
4646
4741
4647
4742
4648
4743
4649
4744
4650
4745
4651
4746
4652
4747
4653
4748
4654
4749
4655
4750
4656
4751
4657
4752
4658
4753
4659
4754
4660
4755
4661
4756
4662
4757
4663
4758
4664
4759
4665
4760
4666
4761
4667
4762
4668
4763
4669
4764
4670
4765
4671
4766
4767
4673
4768
4674
4769
4675
4770
4676
4771
4677
4772
4678
4773
4679
4774
4680
4775
4681
4776
4682
4777
4683
4778
4684
4779
4685
4780
4686
4781
4687
4782
4688
4783
4689
4784
4690
4785
4691
4786
4692
4787
4693
4788
4694
4789
4695
4790
4696
4791
4697
4792
4698
4793
4699
4794
4700
4795
4701
4796
4702
4797
4703
4798
4704
4799
4705
4800
4706
4801
4707
4802
4708
4803
4709
4804
4710
4805
4711
4806
4712
4807
4713
4808
4714
4809
4715
4810
4716
4811
4717
4812
4718
4813
4719
4814
4720
4815
4721
4816
4722
4817
4723
4818
4724
4819
4725
4820
4726
4821
4727
4822
4728
4823
4729
4824
4730
4825
4731
4826
4732
4827
4733
4828
4734
4829
4735
4830
4736
4831
4737
4832
4738
4833
4739
4834
4740
4835
4741
4836
4742
4837
4743
4838
4744
4839
4745
4840
4746
4841
4747
4842
4748
4843
4749
4844
4750
4845
4751
4846
4752
4847
4753
4848
4754
4849
4755
4850
4756
4851
4757
4852
4758
4853
4759
4854
4760
4855
4761
4856
4762
4857
4763
4858
4764
4859
4765
4860
4766
4861
4767
4862
4863
4769
4864
4770
4865
4771
4866
4772
4867
4773
4868
4774
4869
4775
4870
4776
4871
4777
4872
4778
4873
4779
4874
4780
4875
4781
4876
4782
4877
4783
4878
4784
4879
4785
4880
4786
4881
4787
4882
4788
4883
4789
4884
4790
4885
4791
4886
4792
4887
4793
4888
4794
4889
4795
4890
4796
4891
4797
4892
4798
4893
4799
4894
4800
4895
4801
4896
4802
4897
4803
4898
4804
4899
4805
4900
4806
4901
4807
4902
4808
4903
4809
4904
4810
4905
4811
4906
4812
4907
4813
4908
4814
4909
4815
4910
4816
4911
4817
4912
4818
4913
4819
4914
4820
4915
4821
4916
4822
4917
4823
4918
4824
4919
4825
4920
4826
4921
4827
4922
4828
4923
4829
4924
4830
4925
4831
4926
4832
4927
4833
4928
4834
4929
4835
4930
4836
4931
4837
4932
4838
4933
4839
4934
4840
4935
4841
4936
4842
4937
4843
4938
4844
4939
4845
4940
4846
4941
4847
4942
4848
4943
4849
4944
4850
4945
4851
4946
4852
4947
4853
4948
4854
4949
4855
4950
4856
4951
4857
4952
4858
4953
4859
4954
4860
4955
4861
4956
4862
4957
4863
4958
4959
4865
4960
4866
4961
4867
4962
4868
4963
4869
4964
4870
4965
4871
4966
4872
4967
4873
4968
4874
4969
4875
4970
4876
4971
4877
4972
4878
4973
4879
4974
4880
4975
4881
4976
4882
4977
4883
4978
4884
4979
4885
4980
4886
4981
4887
4982
4888
4983
4889
4984
4890
4985
4891
4986
4892
4987
4893
4988
4894
4989
4895
4990
4896
4991
4897
4992
4898
4993
4899
4994
4900
4995
4901
4996
4902
4997
4903
4998
4904
4999
4905
5000
4906
5001
4907
5002
4908
5003
4909
5004
4910
5005
4911
5006
4912
5007
4913
5008
4914
5009
4915
5010
4916
5011
4917
5012
4918
5013
4919
5014
4920
5015
4921
5016
4922
5017
4923
5018
4924
5019
4925
5020
4926
5021
4927
5022
4928
5023
4929
5024
4930
5025
4931
5026
4932
5027
4933
5028
4934
5029
4935
5030
4936
5031
4937
5032
4938
5033
4939
5034
4940
5035
4941
5036
4942
5037
4943
5038
4944
5039
4945
5040
4946
5041
4947
5042
4948
5043
4949
5044
4950
5045
4951
5046
4952
5047
4953
5048
4954
5049
4955
5050
4956
5051
4957
5052
4958
5053
4959
5054
5055
4961
5056
4962
5057
4963
5058
4964
5059
4965
5060
4966
5061
4967
5062
4968
5063
4969
5064
4970
5065
4971
5066
4972
5067
4973
5068
4974
5069
4975
5070
4976
5071
4977
5072
4978
5073
4979
5074
4980
5075
4981
5076
4982
5077
4983
5078
4984
5079
4985
5080
4986
5081
4987
5082
4988
5083
4989
5084
4990
5085
4991
5086
4992
5087
4993
5088
4994
5089
4995
5090
4996
5091
4997
5092
4998
5093
4999
5094
5000
5095
5001
5096
5002
5097
5003
5098
5004
5099
5005
5100
5006
5101
5007
5102
5008
5103
5009
5104
5010
5105
5011
5106
5012
5107
5013
5108
5014
5109
5015
5110
5016
5111
5017
5112
5018
5113
5019
5114
5020
5115
5021
5116
5022
5117
5023
5118
5024
5119
5025
5120
5026
5121
5027
5122
5028
5123
5029
5124
5030
5125
5031
5126
5032
5127
5033
5128
5034
5129
5035
5130
5036
5131
5037
5132
5038
5133
5039
5134
5040
5135
5041
5136
5042
5137
5043
5138
5044
5139
5045
5140
5046
5141
5047
5142
5048
5143
5049
5144
5050
5145
5051
5146
5052
5147
5053
5148
5054
5149
5055
5150
5151
5057
5152
5058
5153
5059
5154
5060
5155
5061
5156
5062
5157
5063
5158
5064
5159
5065
5160
5066
5161
5067
5162
5068
5163
5069
5164
5070
5165
5071
5166
5072
5167
5073
5168
5074
5169
5075
5170
5076
5171
5077
5172
5078
5173
5079
5174
5080
5175
5081
5176
5082
5177
5083
5178
5084
5179
5085
5180
5086
5181
5087
5182
5088
5183
5089
5184
5090
5185
5091
5186
5092
5187
5093
5188
5094
5189
5095
5190
5096
5191
5097
5192
5098
5193
5099
5194
5100
5195
5101
5196
5102
5197
5103
5198
5104
5199
5105
5200
5106
5201
5107
5202
5108
5203
5109
5204
5110
5205
5111
5206
5112
5207
5113
5208
5114
5209
5115
5210
5116
5211
5117
5212
5118
5213
5119
5214
5120
5215
5121
5216
5122
5217
5123
5218
5124
5219
5125
5220
5126
5221
5127
5222
5128
5223
5129
5224
5130
5225
5131
5226
5132
5227
5133
5228
5134
5229
5135
5230
5136
5231
5137
5232
5138
5233
5139
5234
5140
5235
5141
5236
5142
5237
5143
5238
5144
5239
5145
5240
5146
5241
5147
5242
5148
5243
5149
5244
5150
5245
5151
5246
5247
5153
5248
5154
5249
5155
5250
5156
5251
5157
5252
5158
5253
5159
5254
5160
5255
5161
5256
5162
5257
5163
5258
5164
5259
5165
5260
5166
5261
5167
5262
5168
5263
5169
5264
5170
5265
5171
5266
5172
5267
5173
5268
5174
5269
5175
5270
5176
5271
5177
5272
5178
5273
5179
5274
5180
5275
5181
5276
5182
5277
5183
5278
5184
5279
5185
5280
5186
5281
5187
5282
5188
5283
5189
5284
5190
5285
5191
5286
5192
5287
5193
5288
5194
5289
5195
5290
5196
5291
5197
5292
5198
5293
5199
5294
5200
5295
5201
5296
5202
5297
5203
5298
5204
5299
5205
5300
5206
5301
5207
5302
5208
5303
5209
5304
5210
5305
5211
5306
5212
5307
5213
5308
5214
5309
5215
5310
5216
5311
5217
5312
5218
5313
5219
5314
5220
5315
5221
5316
5222
5317
5223
5318
5224
5319
5225
5320
5226
5321
5227
5322
5228
5323
5229
5324
5230
5325
5231
5326
5232
5327
5233
5328
5234
5329
5235
5330
5236
5331
5237
5332
5238
5333
5239
5334
5240
5335
5241
5336
5242
5337
5243
5338
5244
5339
5245
5340
5246
5341
5247
5342
5343
5249
5344
5250
5345
5251
5346
5252
5347
5253
5348
5254
5349
5255
5350
5256
5351
5257
5352
5258
5353
5259
5354
5260
5355
5261
5356
5262
5357
5263
5358
5264
5359
5265
5360
5266
5361
5267
5362
5268
5363
5269
5364
5270
5365
5271
5366
5272
5367
5273
5368
5274
5369
5275
5370
5276
5371
5277
5372
5278
5373
5279
5374
5280
5375
5281
5376
5282
5377
5283
5378
5284
5379
5285
5380
5286
5381
5287
5382
5288
5383
5289
5384
5290
5385
5291
5386
5292
5387
5293
5388
5294
5389
5295
5390
5296
5391
5297
5392
5298
5393
5299
5394
5300
5395
5301
5396
5302
5397
5303
5398
5304
5399
5305
5400
5306
5401
5307
5402
5308
5403
5309
5404
5310
5405
5311
5406
5312
5407
5313
5408
5314
5409
5315
5410
5316
5411
5317
5412
5318
5413
5319
5414
5320
5415
5321
5416
5322
5417
5323
5418
5324
5419
5325
5420
5326
5421
5327
5422
5328
5423
5329
5424
5330
5425
5331
5426
5332
5427
5333
5428
5334
5429
5335
5430
5336
5431
5337
5432
5338
5433
5339
5434
5340
5435
5341
5436
5342
5437
5343
5438
5439
5345
5440
5346
5441
5347
5442
5348
5443
5349
5444
5350
5445
5351
5446
5352
5447
5353
5448
5354
5449
5355
5450
5356
5451
5357
5452
5358
5453
5359
5454
5360
5455
5361
5456
5362
5457
5363
5458
5364
5459
5365
5460
5366
5461
5367
5462
5368
5463
5369
5464
5370
5465
5371
5466
5372
5467
5373
5468
5374
5469
5375
5470
5376
5471
5377
5472
5378
5473
5379
5474
5380
5475
5381
5476
5382
5477
5383
5478
5384
5479
5385
5480
5386
5481
5387
5482
5388
5483
5389
5484
5390
5485
5391
5486
5392
5487
5393
5488
5394
5489
5395
5490
5396
5491
5397
5492
5398
5493
5399
5494
5400
5495
5401
5496
5402
5497
5403
5498
5404
5499
5405
5500
5406
5501
5407
5502
5408
5503
5409
5504
5410
5505
5411
5506
5412
5507
5413
5508
5414
5509
5415
5510
5416
5511
5417
5512
5418
5513
5419
5514
5420
5515
5421
5516
5422
5517
5423
5518
5424
5519
5425
5520
5426
5521
5427
5522
5428
5523
5429
5524
5430
5525
5431
5526
5432
5527
5433
5528
5434
5529
5435
5530
5436
5531
5437
5532
5438
5533
5439
5534
5535
5441
5536
5442
5537
5443
5538
5444
5539
5445
5540
5446
5541
5447
5542
5448
5543
5449
5544
5450
5545
5451
5546
5452
5547
5453
5548
5454
5549
5455
5550
5456
5551
5457
5552
5458
5553
5459
5554
5460
5555
5461
5556
5462
5557
5463
5558
5464
5559
5465
5560
5466
5561
5467
5562
5468
5563
5469
5564
5470
5565
5471
5566
5472
5567
5473
5568
5474
5569
5475
5570
5476
5571
5477
5572
5478
5573
5479
5574
5480
5575
5481
5576
5482
5577
5483
5578
5484
5579
5485
5580
5486
5581
5487
5582
5488
5583
5489
5584
5490
5585
5491
5586
5492
5587
5493
5588
5494
5589
5495
5590
5496
5591
5497
5592
5498
5593
5499
5594
5500
5595
5501
5596
5502
5597
5503
5598
5504
5599
5505
5600
5506
5601
5507
5602
5508
5603
5509
5604
5510
5605
5511
5606
5512
5607
5513
5608
5514
5609
5515
5610
5516
5611
5517
5612
5518
5613
5519
5614
5520
5615
5521
5616
5522
5617
5523
5618
5524
5619
5525
5620
5526
5621
5527
5622
5528
5623
5529
5624
5530
5625
5531
5626
5532
5627
5533
5628
5534
5629
5535
5630
5631
5537
5632
5538
5633
5539
5634
5540
5635
5541
5636
5542
5637
5543
5638
5544
5639
5545
5640
5546
5641
5547
5642
5548
5643
5549
5644
5550
5645
5551
5646
5552
5647
5553
5648
5554
5649
5555
5650
5556
5651
5557
5652
5558
5653
5559
5654
5560
5655
5561
5656
5562
5657
5563
5658
5564
5659
5565
5660
5566
5661
5567
5662
5568
5663
5569
5664
5570
5665
5571
5666
5572
5667
5573
5668
5574
5669
5575
5670
5576
5671
5577
5672
5578
5673
5579
5674
5580
5675
5581
5676
5582
5677
5583
5678
5584
5679
5585
5680
5586
5681
5587
5682
5588
5683
5589
5684
5590
5685
5591
5686
5592
5687
5593
5688
5594
5689
5595
5690
5596
5691
5597
5692
5598
5693
5599
5694
5600
5695
5601
5696
5602
5697
5603
5698
5604
5699
5605
5700
5606
5701
5607
5702
5608
5703
5609
5704
5610
5705
5611
5706
5612
5707
5613
5708
5614
5709
5615
5710
5616
5711
5617
5712
5618
5713
5619
5714
5620
5715
5621
5716
5622
5717
5623
5718
5624
5719
5625
5720
5626
5721
5627
5722
5628
5723
5629
5724
5630
5725
5631
5726
5727
5633
5728
5634
5729
5635
5730
5636
5731
5637
5732
5638
5733
5639
5734
5640
5735
5641
5736
5642
5737
5643
5738
5644
5739
5645
5740
5646
5741
5647
5742
5648
5743
5649
5744
5650
5745
5651
5746
5652
5747
5653
5748
5654
5749
5655
5750
5656
5751
5657
5752
5658
5753
5659
5754
5660
5755
5661
5756
5662
5757
5663
5758
5664
5759
5665
5760
5666
5761
5667
5762
5668
5763
5669
5764
5670
5765
5671
5766
5672
5767
5673
5768
5674
5769
5675
5770
5676
5771
5677
5772
5678
5773
5679
5774
5680
5775
5681
5776
5682
5777
5683
5778
5684
5779
5685
5780
5686
5781
5687
5782
5688
5783
5689
5784
5690
5785
5691
5786
5692
5787
5693
5788
5694
5789
5695
5790
5696
5791
5697
5792
5698
5793
5699
5794
5700
5795
5701
5796
5702
5797
5703
5798
5704
5799
5705
5800
5706
5801
5707
5802
5708
5803
5709
5804
5710
5805
5711
5806
5712
5807
5713
5808
5714
5809
5715
5810
5716
5811
5717
5812
5718
5813
5719
5814
5720
5815
5721
5816
5722
5817
5723
5818
5724
5819
5725
5820
5726
5821
5727
5822
5823
5729
5824
5730
5825
5731
5826
5732
5827
5733
5828
5734
5829
5735
5830
5736
5831
5737
5832
5738
5833
5739
5834
5740
5835
5741
5836
5742
5837
5743
5838
5744
5839
5745
5840
5746
5841
5747
5842
5748
5843
5749
5844
5750
5845
5751
5846
5752
5847
5753
5848
5754
5849
5755
5850
5756
5851
5757
5852
5758
5853
5759
5854
5760
5855
5761
5856
5762
5857
5763
5858
5764
5859
5765
5860
5766
5861
5767
5862
5768
5863
5769
5864
5770
5865
5771
5866
5772
5867
5773
5868
5774
5869
5775
5870
5776
5871
5777
5872
5778
5873
5779
5874
5780
5875
5781
5876
5782
5877
5783
5878
5784
5879
5785
5880
5786
5881
5787
5882
5788
5883
5789
5884
5790
5885
5791
5886
5792
5887
5793
5888
5794
5889
5795
5890
5796
5891
5797
5892
5798
5893
5799
5894
5800
5895
5801
5896
5802
5897
5803
5898
5804
5899
5805
5900
5806
5901
5807
5902
5808
5903
5809
5904
5810
5905
5811
5906
5812
5907
5813
5908
5814
5909
5815
5910
5816
5911
5817
5912
5818
5913
5819
5914
5820
5915
5821
5916
5822
5917
5823
5918
5919
5825
5920
5826
5921
5827
5922
5828
5923
5829
5924
5830
5925
5831
5926
5832
5927
5833
5928
5834
5929
5835
5930
5836
5931
5837
5932
5838
5933
5839
5934
5840
5935
5841
5936
5842
5937
5843
5938
5844
5939
5845
5940
5846
5941
5847
5942
5848
5943
5849
5944
5850
5945
5851
5946
5852
5947
5853
5948
5854
5949
5855
5950
5856
5951
5857
5952
5858
5953
5859
5954
5860
5955
5861
5956
5862
5957
5863
5958
5864
5959
5865
5960
5866
5961
5867
5962
5868
5963
5869
5964
5870
5965
5871
5966
5872
5967
5873
5968
5874
5969
5875
5970
5876
5971
5877
5972
5878
5973
5879
5974
5880
5975
5881
5976
5882
5977
5883
5978
5884
5979
5885
5980
5886
5981
5887
5982
5888
5983
5889
5984
5890
5985
5891
5986
5892
5987
5893
5988
5894
5989
5895
5990
5896
5991
5897
5992
5898
5993
5899
5994
5900
5995
5901
5996
5902
5997
5903
5998
5904
5999
5905
6000
5906
6001
5907
6002
5908
6003
5909
6004
5910
6005
5911
6006
5912
6007
5913
6008
5914
6009
5915
6010
5916
6011
5917
6012
5918
6013
5919
6014
6015
5921
6016
5922
6017
5923
6018
5924
6019
5925
6020
5926
6021
5927
6022
5928
6023
5929
6024
5930
6025
5931
6026
5932
6027
5933
6028
5934
6029
5935
6030
5936
6031
5937
6032
5938
6033
5939
6034
5940
6035
5941
6036
5942
6037
5943
6038
5944
6039
5945
6040
5946
6041
5947
6042
5948
6043
5949
6044
5950
6045
5951
6046
5952
6047
5953
6048
5954
6049
5955
6050
5956
6051
5957
6052
5958
6053
5959
6054
5960
6055
5961
6056
5962
6057
5963
6058
5964
6059
5965
6060
5966
6061
5967
6062
5968
6063
5969
6064
5970
6065
5971
6066
5972
6067
5973
6068
5974
6069
5975
6070
5976
6071
5977
6072
5978
6073
5979
6074
5980
6075
5981
6076
5982
6077
5983
6078
5984
6079
5985
6080
5986
6081
5987
6082
5988
6083
5989
6084
5990
6085
5991
6086
5992
6087
5993
6088
5994
6089
5995
6090
5996
6091
5997
6092
5998
6093
5999
6094
6000
6095
6001
6096
6002
6097
6003
6098
6004
6099
6005
6100
6006
6101
6007
6102
6008
6103
6009
6104
6010
6105
6011
6106
6012
6107
6013
6108
6014
6109
6015
6110
6111
6017
6112
6018
6113
6019
6114
6020
6115
6021
6116
6022
6117
6023
6118
6024
6119
6025
6120
6026
6121
6027
6122
6028
6123
6029
6124
6030
6125
6031
6126
6032
6127
6033
6128
6034
6129
6035
6130
6036
6131
6037
6132
6038
6133
6039
6134
6040
6135
6041
6136
6042
6137
6043
6138
6044
6139
6045
6140
6046
6141
6047
6142
6048
6143
6049
6144
6050
6145
6051
6146
6052
6147
6053
6148
6054
6149
6055
6150
6056
6151
6057
6152
6058
6153
6059
6154
6060
6155
6061
6156
6062
6157
6063
6158
6064
6159
6065
6160
6066
6161
6067
6162
6068
6163
6069
6164
6070
6165
6071
6166
6072
6167
6073
6168
6074
6169
6075
6170
6076
6171
6077
6172
6078
6173
6079
6174
6080
6175
6081
6176
6082
6177
6083
6178
6084
6179
6085
6180
6086
6181
6087
6182
6088
6183
6089
6184
6090
6185
6091
6186
6092
6187
6093
6188
6094
6189
6095
6190
6096
6191
6097
6192
6098
6193
6099
6194
6100
6195
6101
6196
6102
6197
6103
6198
6104
6199
6105
6200
6106
6201
6107
6202
6108
6203
6109
6204
6110
6205
6111
6206
6207
6113
6208
6114
6209
6115
6210
6116
6211
6117
6212
6118
6213
6119
6214
6120
6215
6121
6216
6122
6217
6123
6218
6124
6219
6125
6220
6126
6221
6127
6222
6128
6223
6129
6224
6130
6225
6131
6226
6132
6227
6133
6228
6134
6229
6135
6230
6136
6231
6137
6232
6138
6233
6139
6234
6140
6235
6141
6236
6142
6237
6143
6238
6144
6239
6145
6240
6146
6241
6147
6242
6148
6243
6149
6244
6150
6245
6151
6246
6152
6247
6153
6248
6154
6249
6155
6250
6156
6251
6157
6252
6158
6253
6159
6254
6160
6255
6161
6256
6162
6257
6163
6258
6164
6259
6165
6260
6166
6261
6167
6262
6168
6263
6169
6264
6170
6265
6171
6266
6172
6267
6173
6268
6174
6269
6175
6270
6176
6271
6177
6272
6178
6273
6179
6274
6180
6275
6181
6276
6182
6277
6183
6278
6184
6279
6185
6280
6186
6281
6187
6282
6188
6283
6189
6284
6190
6285
6191
6286
6192
6287
6193
6288
6194
6289
6195
6290
6196
6291
6197
6292
6198
6293
6199
6294
6200
6295
6201
6296
6202
6297
6203
6298
6204
6299
6205
6300
6206
6301
6207
6302
6303
6209
6304
6210
6305
6211
6306
6212
6307
6213
6308
6214
6309
6215
6310
6216
6311
6217
6312
6218
6313
6219
6314
6220
6315
6221
6316
6222
6317
6223
6318
6224
6319
6225
6320
6226
6321
6227
6322
6228
6323
6229
6324
6230
6325
6231
6326
6232
6327
6233
6328
6234
6329
6235
6330
6236
6331
6237
6332
6238
6333
6239
6334
6240
6335
6241
6336
6242
6337
6243
6338
6244
6339
6245
6340
6246
6341
6247
6342
6248
6343
6249
6344
6250
6345
6251
6346
6252
6347
6253
6348
6254
6349
6255
6350
6256
6351
6257
6352
6258
6353
6259
6354
6260
6355
6261
6356
6262
6357
6263
6358
6264
6359
6265
6360
6266
6361
6267
6362
6268
6363
6269
6364
6270
6365
6271
6366
6272
6367
6273
6368
6274
6369
6275
6370
6276
6371
6277
6372
6278
6373
6279
6374
6280
6375
6281
6376
6282
6377
6283
6378
6284
6379
6285
6380
6286
6381
6287
6382
6288
6383
6289
6384
6290
6385
6291
6386
6292
6387
6293
6388
6294
6389
6295
6390
6296
6391
6297
6392
6298
6393
6299
6394
6300
6395
6301
6396
6302
6397
6303
6398
6399
6305
6400
6306
6401
6307
6402
6308
6403
6309
6404
6310
6405
6311
6406
6312
6407
6313
6408
6314
6409
6315
6410
6316
6411
6317
6412
6318
6413
6319
6414
6320
6415
6321
6416
6322
6417
6323
6418
6324
6419
6325
6420
6326
6421
6327
6422
6328
6423
6329
6424
6330
6425
6331
6426
6332
6427
6333
6428
6334
6429
6335
6430
6336
6431
6337
6432
6338
6433
6339
6434
6340
6435
6341
6436
6342
6437
6343
6438
6344
6439
6345
6440
6346
6441
6347
6442
6348
6443
6349
6444
6350
6445
6351
6446
6352
6447
6353
6448
6354
6449
6355
6450
6356
6451
6357
6452
6358
6453
6359
6454
6360
6455
6361
6456
6362
6457
6363
6458
6364
6459
6365
6460
6366
6461
6367
6462
6368
6463
6369
6464
6370
6465
6371
6466
6372
6467
6373
6468
6374
6469
6375
6470
6376
6471
6377
6472
6378
6473
6379
6474
6380
6475
6381
6476
6382
6477
6383
6478
6384
6479
6385
6480
6386
6481
6387
6482
6388
6483
6389
6484
6390
6485
6391
6486
6392
6487
6393
6488
6394
6489
6395
6490
6396
6491
6397
6492
6398
6493
6399
6494
6495
6401
6496
6402
6497
6403
6498
6404
6499
6405
6500
6406
6501
6407
6502
6408
6503
6409
6504
6410
6505
6411
6506
6412
6507
6413
6508
6414
6509
6415
6510
6416
6511
6417
6512
6418
6513
6419
6514
6420
6515
6421
6516
6422
6517
6423
6518
6424
6519
6425
6520
6426
6521
6427
6522
6428
6523
6429
6524
6430
6525
6431
6526
6432
6527
6433
6528
6434
6529
6435
6530
6436
6531
6437
6532
6438
6533
6439
6534
6440
6535
6441
6536
6442
6537
6443
6538
6444
6539
6445
6540
6446
6541
6447
6542
6448
6543
6449
6544
6450
6545
6451
6546
6452
6547
6453
6548
6454
6549
6455
6550
6456
6551
6457
6552
6458
6553
6459
6554
6460
6555
6461
6556
6462
6557
6463
6558
6464
6559
6465
6560
6466
6561
6467
6562
6468
6563
6469
6564
6470
6565
6471
6566
6472
6567
6473
6568
6474
6569
6475
6570
6476
6571
6477
6572
6478
6573
6479
6574
6480
6575
6481
6576
6482
6577
6483
6578
6484
6579
6485
6580
6486
6581
6487
6582
6488
6583
6489
6584
6490
6585
6491
6586
6492
6587
6493
6588
6494
6589
6495
6590
6591
6497
6498
6499
6500
6501
6502
6503
6504
6505
6506
6507
6508
6509
6510
6511
6512
6513
6514
6515
6516
6517
6518
6519
6520
6521
6522
6523
6524
6525
6526
6527
6528
6529
6530
6531
6532
6533
6534
6535
6536
6537
6538
6539
6540
6541
6542
6543
6544
6545
6546
6547
6548
6549
6550
6551
6552
6553
6554
6555
6556
6557
6558
6559
6560
6561
6562
6563
6564
6565
6566
6567
6568
6569
6570
6571
6572
6573
6574
6575
6576
6577
6578
6579
6580
6581
6582
6583
6584
6585
6586
6587
6588
6589
6590
6591
)


// ************************************************************************* //
