/*--------------------------------*- C++ -*----------------------------------*\
| =========                 |                                                 |
| \\      /  F ield         | OpenFOAM: The Open Source CFD Toolbox           |
|  \\    /   O peration     | Version:  v2012                                 |
|   \\  /    A nd           | Website:  www.openfoam.com                      |
|    \\/     M anipulation  |                                                 |
\*---------------------------------------------------------------------------*/
FoamFile
{
    version     2.0;
    format      ascii;
    class       labelList;
    note        "nPoints:9824  nCells:4736  nFaces:19120  nInternalFaces:9296";
    location    "constant/polyMesh";
    object      neighbour;
}
// * * * * * * * * * * * * * * * * * * * * * * * * * * * * * * * * * * * * * //


9296
(
1
16
2
17
3
18
4
19
5
20
6
21
7
22
8
23
9
24
10
25
11
26
12
27
13
28
14
29
15
30
31
640
17
32
18
33
19
34
20
35
21
36
22
37
23
38
24
39
25
40
26
41
27
42
28
43
29
44
30
45
31
46
47
648
33
48
34
49
35
50
36
51
37
52
38
53
39
54
40
55
41
56
42
57
43
58
44
59
45
60
46
61
47
62
63
656
49
64
50
65
51
66
52
67
53
68
54
69
55
70
56
71
57
72
58
73
59
74
60
75
61
76
62
77
63
78
79
664
65
80
66
81
67
82
68
83
69
84
70
85
71
86
72
87
73
88
74
89
75
90
76
91
77
92
78
93
79
94
95
672
81
96
82
97
83
98
84
99
85
100
86
101
87
102
88
103
89
104
90
105
91
106
92
107
93
108
94
109
95
110
111
680
97
112
98
113
99
114
100
115
101
116
102
117
103
118
104
119
105
120
106
121
107
122
108
123
109
124
110
125
111
126
127
688
113
128
114
129
115
130
116
131
117
132
118
133
119
134
120
135
121
136
122
137
123
138
124
139
125
140
126
141
127
142
143
696
129
144
130
145
131
146
132
147
133
148
134
149
135
150
136
151
137
152
138
153
139
154
140
155
141
156
142
157
143
158
159
704
145
160
146
161
147
162
148
163
149
164
150
165
151
166
152
167
153
168
154
169
155
170
156
171
157
172
158
173
159
174
175
712
161
176
162
177
163
178
164
179
165
180
166
181
167
182
168
183
169
184
170
185
171
186
172
187
173
188
174
189
175
190
191
720
177
192
178
193
179
194
180
195
181
196
182
197
183
198
184
199
185
200
186
201
187
202
188
203
189
204
190
205
191
206
207
728
193
208
194
209
195
210
196
211
197
212
198
213
199
214
200
215
201
216
202
217
203
218
204
219
205
220
206
221
207
222
223
736
209
224
210
225
211
226
212
227
213
228
214
229
215
230
216
231
217
232
218
233
219
234
220
235
221
236
222
237
223
238
239
744
225
240
226
241
227
242
228
243
229
244
230
245
231
246
232
247
233
248
234
249
235
250
236
251
237
252
238
253
239
254
255
752
241
256
242
257
243
258
244
259
245
260
246
261
247
262
248
263
249
264
250
265
251
266
252
267
253
268
254
269
255
270
271
760
257
272
258
273
259
274
260
275
261
276
262
277
263
278
264
279
265
280
266
281
267
282
268
283
269
284
270
285
271
286
287
273
288
274
289
275
290
276
291
277
292
278
293
279
294
280
295
281
296
282
297
283
298
284
299
285
300
286
301
287
302
303
289
304
290
305
291
306
292
307
293
308
294
309
295
310
296
311
297
312
298
313
299
314
300
315
301
316
302
317
303
318
319
305
320
306
321
307
322
308
323
309
324
310
325
311
326
312
327
313
328
314
329
315
330
316
331
317
332
318
333
319
334
335
321
336
322
337
323
338
324
339
325
340
326
341
327
342
328
343
329
344
330
345
331
346
332
347
333
348
334
349
335
350
351
337
352
338
353
339
354
340
355
341
356
342
357
343
358
344
359
345
360
346
361
347
362
348
363
349
364
350
365
351
366
367
353
368
354
369
355
370
356
371
357
372
358
373
359
374
360
375
361
376
362
377
363
378
364
379
365
380
366
381
367
382
383
369
384
370
385
371
386
372
387
373
388
374
389
375
390
376
391
377
392
378
393
379
394
380
395
381
396
382
397
383
398
399
385
400
386
401
387
402
388
403
389
404
390
405
391
406
392
407
393
408
394
409
395
410
396
411
397
412
398
413
399
414
415
768
401
416
402
417
403
418
404
419
405
420
406
421
407
422
408
423
409
424
410
425
411
426
412
427
413
428
414
429
415
430
431
776
417
432
418
433
419
434
420
435
421
436
422
437
423
438
424
439
425
440
426
441
427
442
428
443
429
444
430
445
431
446
447
784
433
448
434
449
435
450
436
451
437
452
438
453
439
454
440
455
441
456
442
457
443
458
444
459
445
460
446
461
447
462
463
792
449
464
450
465
451
466
452
467
453
468
454
469
455
470
456
471
457
472
458
473
459
474
460
475
461
476
462
477
463
478
479
800
465
480
466
481
467
482
468
483
469
484
470
485
471
486
472
487
473
488
474
489
475
490
476
491
477
492
478
493
479
494
495
808
481
496
482
497
483
498
484
499
485
500
486
501
487
502
488
503
489
504
490
505
491
506
492
507
493
508
494
509
495
510
511
816
497
512
498
513
499
514
500
515
501
516
502
517
503
518
504
519
505
520
506
521
507
522
508
523
509
524
510
525
511
526
527
824
513
528
514
529
515
530
516
531
517
532
518
533
519
534
520
535
521
536
522
537
523
538
524
539
525
540
526
541
527
542
543
832
529
544
530
545
531
546
532
547
533
548
534
549
535
550
536
551
537
552
538
553
539
554
540
555
541
556
542
557
543
558
559
840
545
560
546
561
547
562
548
563
549
564
550
565
551
566
552
567
553
568
554
569
555
570
556
571
557
572
558
573
559
574
575
848
561
576
562
577
563
578
564
579
565
580
566
581
567
582
568
583
569
584
570
585
571
586
572
587
573
588
574
589
575
590
591
856
577
592
578
593
579
594
580
595
581
596
582
597
583
598
584
599
585
600
586
601
587
602
588
603
589
604
590
605
591
606
607
864
593
608
594
609
595
610
596
611
597
612
598
613
599
614
600
615
601
616
602
617
603
618
604
619
605
620
606
621
607
622
623
872
609
624
610
625
611
626
612
627
613
628
614
629
615
630
616
631
617
632
618
633
619
634
620
635
621
636
622
637
623
638
639
880
625
626
627
628
629
630
631
632
633
634
635
636
637
638
639
888
641
648
642
649
643
650
644
651
645
652
646
653
647
654
655
896
649
656
650
657
651
658
652
659
653
660
654
661
655
662
663
992
657
664
658
665
659
666
660
667
661
668
662
669
663
670
671
1088
665
672
666
673
667
674
668
675
669
676
670
677
671
678
679
1184
673
680
674
681
675
682
676
683
677
684
678
685
679
686
687
1280
681
688
682
689
683
690
684
691
685
692
686
693
687
694
695
1376
689
696
690
697
691
698
692
699
693
700
694
701
695
702
703
1472
697
704
698
705
699
706
700
707
701
708
702
709
703
710
711
1568
705
712
706
713
707
714
708
715
709
716
710
717
711
718
719
1664
713
720
714
721
715
722
716
723
717
724
718
725
719
726
727
1760
721
728
722
729
723
730
724
731
725
732
726
733
727
734
735
1856
729
736
730
737
731
738
732
739
733
740
734
741
735
742
743
1952
737
744
738
745
739
746
740
747
741
748
742
749
743
750
751
2048
745
752
746
753
747
754
748
755
749
756
750
757
751
758
759
2144
753
760
754
761
755
762
756
763
757
764
758
765
759
766
767
2240
761
762
763
764
765
766
767
2336
769
776
770
777
771
778
772
779
773
780
774
781
775
782
783
3200
777
784
778
785
779
786
780
787
781
788
782
789
783
790
791
3296
785
792
786
793
787
794
788
795
789
796
790
797
791
798
799
3392
793
800
794
801
795
802
796
803
797
804
798
805
799
806
807
3488
801
808
802
809
803
810
804
811
805
812
806
813
807
814
815
3584
809
816
810
817
811
818
812
819
813
820
814
821
815
822
823
3680
817
824
818
825
819
826
820
827
821
828
822
829
823
830
831
3776
825
832
826
833
827
834
828
835
829
836
830
837
831
838
839
3872
833
840
834
841
835
842
836
843
837
844
838
845
839
846
847
3968
841
848
842
849
843
850
844
851
845
852
846
853
847
854
855
4064
849
856
850
857
851
858
852
859
853
860
854
861
855
862
863
4160
857
864
858
865
859
866
860
867
861
868
862
869
863
870
871
4256
865
872
866
873
867
874
868
875
869
876
870
877
871
878
879
4352
873
880
874
881
875
882
876
883
877
884
878
885
879
886
887
4448
881
888
882
889
883
890
884
891
885
892
886
893
887
894
895
4544
889
890
891
892
893
894
895
4640
897
992
898
993
899
994
900
995
901
996
902
997
903
998
904
999
905
1000
906
1001
907
1002
908
1003
909
1004
910
1005
911
1006
912
1007
913
1008
914
1009
915
1010
916
1011
917
1012
918
1013
919
1014
920
1015
921
1016
922
1017
923
1018
924
1019
925
1020
926
1021
927
1022
928
1023
929
1024
930
1025
931
1026
932
1027
933
1028
934
1029
935
1030
936
1031
937
1032
938
1033
939
1034
940
1035
941
1036
942
1037
943
1038
944
1039
945
1040
946
1041
947
1042
948
1043
949
1044
950
1045
951
1046
952
1047
953
1048
954
1049
955
1050
956
1051
957
1052
958
1053
959
1054
960
1055
961
1056
962
1057
963
1058
964
1059
965
1060
966
1061
967
1062
968
1063
969
1064
970
1065
971
1066
972
1067
973
1068
974
1069
975
1070
976
1071
977
1072
978
1073
979
1074
980
1075
981
1076
982
1077
983
1078
984
1079
985
1080
986
1081
987
1082
988
1083
989
1084
990
1085
991
1086
1087
993
1088
994
1089
995
1090
996
1091
997
1092
998
1093
999
1094
1000
1095
1001
1096
1002
1097
1003
1098
1004
1099
1005
1100
1006
1101
1007
1102
1008
1103
1009
1104
1010
1105
1011
1106
1012
1107
1013
1108
1014
1109
1015
1110
1016
1111
1017
1112
1018
1113
1019
1114
1020
1115
1021
1116
1022
1117
1023
1118
1024
1119
1025
1120
1026
1121
1027
1122
1028
1123
1029
1124
1030
1125
1031
1126
1032
1127
1033
1128
1034
1129
1035
1130
1036
1131
1037
1132
1038
1133
1039
1134
1040
1135
1041
1136
1042
1137
1043
1138
1044
1139
1045
1140
1046
1141
1047
1142
1048
1143
1049
1144
1050
1145
1051
1146
1052
1147
1053
1148
1054
1149
1055
1150
1056
1151
1057
1152
1058
1153
1059
1154
1060
1155
1061
1156
1062
1157
1063
1158
1064
1159
1065
1160
1066
1161
1067
1162
1068
1163
1069
1164
1070
1165
1071
1166
1072
1167
1073
1168
1074
1169
1075
1170
1076
1171
1077
1172
1078
1173
1079
1174
1080
1175
1081
1176
1082
1177
1083
1178
1084
1179
1085
1180
1086
1181
1087
1182
1183
1089
1184
1090
1185
1091
1186
1092
1187
1093
1188
1094
1189
1095
1190
1096
1191
1097
1192
1098
1193
1099
1194
1100
1195
1101
1196
1102
1197
1103
1198
1104
1199
1105
1200
1106
1201
1107
1202
1108
1203
1109
1204
1110
1205
1111
1206
1112
1207
1113
1208
1114
1209
1115
1210
1116
1211
1117
1212
1118
1213
1119
1214
1120
1215
1121
1216
1122
1217
1123
1218
1124
1219
1125
1220
1126
1221
1127
1222
1128
1223
1129
1224
1130
1225
1131
1226
1132
1227
1133
1228
1134
1229
1135
1230
1136
1231
1137
1232
1138
1233
1139
1234
1140
1235
1141
1236
1142
1237
1143
1238
1144
1239
1145
1240
1146
1241
1147
1242
1148
1243
1149
1244
1150
1245
1151
1246
1152
1247
1153
1248
1154
1249
1155
1250
1156
1251
1157
1252
1158
1253
1159
1254
1160
1255
1161
1256
1162
1257
1163
1258
1164
1259
1165
1260
1166
1261
1167
1262
1168
1263
1169
1264
1170
1265
1171
1266
1172
1267
1173
1268
1174
1269
1175
1270
1176
1271
1177
1272
1178
1273
1179
1274
1180
1275
1181
1276
1182
1277
1183
1278
1279
1185
1280
1186
1281
1187
1282
1188
1283
1189
1284
1190
1285
1191
1286
1192
1287
1193
1288
1194
1289
1195
1290
1196
1291
1197
1292
1198
1293
1199
1294
1200
1295
1201
1296
1202
1297
1203
1298
1204
1299
1205
1300
1206
1301
1207
1302
1208
1303
1209
1304
1210
1305
1211
1306
1212
1307
1213
1308
1214
1309
1215
1310
1216
1311
1217
1312
1218
1313
1219
1314
1220
1315
1221
1316
1222
1317
1223
1318
1224
1319
1225
1320
1226
1321
1227
1322
1228
1323
1229
1324
1230
1325
1231
1326
1232
1327
1233
1328
1234
1329
1235
1330
1236
1331
1237
1332
1238
1333
1239
1334
1240
1335
1241
1336
1242
1337
1243
1338
1244
1339
1245
1340
1246
1341
1247
1342
1248
1343
1249
1344
1250
1345
1251
1346
1252
1347
1253
1348
1254
1349
1255
1350
1256
1351
1257
1352
1258
1353
1259
1354
1260
1355
1261
1356
1262
1357
1263
1358
1264
1359
1265
1360
1266
1361
1267
1362
1268
1363
1269
1364
1270
1365
1271
1366
1272
1367
1273
1368
1274
1369
1275
1370
1276
1371
1277
1372
1278
1373
1279
1374
1375
1281
1376
1282
1377
1283
1378
1284
1379
1285
1380
1286
1381
1287
1382
1288
1383
1289
1384
1290
1385
1291
1386
1292
1387
1293
1388
1294
1389
1295
1390
1296
1391
1297
1392
1298
1393
1299
1394
1300
1395
1301
1396
1302
1397
1303
1398
1304
1399
1305
1400
1306
1401
1307
1402
1308
1403
1309
1404
1310
1405
1311
1406
1312
1407
1313
1408
1314
1409
1315
1410
1316
1411
1317
1412
1318
1413
1319
1414
1320
1415
1321
1416
1322
1417
1323
1418
1324
1419
1325
1420
1326
1421
1327
1422
1328
1423
1329
1424
1330
1425
1331
1426
1332
1427
1333
1428
1334
1429
1335
1430
1336
1431
1337
1432
1338
1433
1339
1434
1340
1435
1341
1436
1342
1437
1343
1438
1344
1439
1345
1440
1346
1441
1347
1442
1348
1443
1349
1444
1350
1445
1351
1446
1352
1447
1353
1448
1354
1449
1355
1450
1356
1451
1357
1452
1358
1453
1359
1454
1360
1455
1361
1456
1362
1457
1363
1458
1364
1459
1365
1460
1366
1461
1367
1462
1368
1463
1369
1464
1370
1465
1371
1466
1372
1467
1373
1468
1374
1469
1375
1470
1471
1377
1472
1378
1473
1379
1474
1380
1475
1381
1476
1382
1477
1383
1478
1384
1479
1385
1480
1386
1481
1387
1482
1388
1483
1389
1484
1390
1485
1391
1486
1392
1487
1393
1488
1394
1489
1395
1490
1396
1491
1397
1492
1398
1493
1399
1494
1400
1495
1401
1496
1402
1497
1403
1498
1404
1499
1405
1500
1406
1501
1407
1502
1408
1503
1409
1504
1410
1505
1411
1506
1412
1507
1413
1508
1414
1509
1415
1510
1416
1511
1417
1512
1418
1513
1419
1514
1420
1515
1421
1516
1422
1517
1423
1518
1424
1519
1425
1520
1426
1521
1427
1522
1428
1523
1429
1524
1430
1525
1431
1526
1432
1527
1433
1528
1434
1529
1435
1530
1436
1531
1437
1532
1438
1533
1439
1534
1440
1535
1441
1536
1442
1537
1443
1538
1444
1539
1445
1540
1446
1541
1447
1542
1448
1543
1449
1544
1450
1545
1451
1546
1452
1547
1453
1548
1454
1549
1455
1550
1456
1551
1457
1552
1458
1553
1459
1554
1460
1555
1461
1556
1462
1557
1463
1558
1464
1559
1465
1560
1466
1561
1467
1562
1468
1563
1469
1564
1470
1565
1471
1566
1567
1473
1568
1474
1569
1475
1570
1476
1571
1477
1572
1478
1573
1479
1574
1480
1575
1481
1576
1482
1577
1483
1578
1484
1579
1485
1580
1486
1581
1487
1582
1488
1583
1489
1584
1490
1585
1491
1586
1492
1587
1493
1588
1494
1589
1495
1590
1496
1591
1497
1592
1498
1593
1499
1594
1500
1595
1501
1596
1502
1597
1503
1598
1504
1599
1505
1600
1506
1601
1507
1602
1508
1603
1509
1604
1510
1605
1511
1606
1512
1607
1513
1608
1514
1609
1515
1610
1516
1611
1517
1612
1518
1613
1519
1614
1520
1615
1521
1616
1522
1617
1523
1618
1524
1619
1525
1620
1526
1621
1527
1622
1528
1623
1529
1624
1530
1625
1531
1626
1532
1627
1533
1628
1534
1629
1535
1630
1536
1631
1537
1632
1538
1633
1539
1634
1540
1635
1541
1636
1542
1637
1543
1638
1544
1639
1545
1640
1546
1641
1547
1642
1548
1643
1549
1644
1550
1645
1551
1646
1552
1647
1553
1648
1554
1649
1555
1650
1556
1651
1557
1652
1558
1653
1559
1654
1560
1655
1561
1656
1562
1657
1563
1658
1564
1659
1565
1660
1566
1661
1567
1662
1663
1569
1664
1570
1665
1571
1666
1572
1667
1573
1668
1574
1669
1575
1670
1576
1671
1577
1672
1578
1673
1579
1674
1580
1675
1581
1676
1582
1677
1583
1678
1584
1679
1585
1680
1586
1681
1587
1682
1588
1683
1589
1684
1590
1685
1591
1686
1592
1687
1593
1688
1594
1689
1595
1690
1596
1691
1597
1692
1598
1693
1599
1694
1600
1695
1601
1696
1602
1697
1603
1698
1604
1699
1605
1700
1606
1701
1607
1702
1608
1703
1609
1704
1610
1705
1611
1706
1612
1707
1613
1708
1614
1709
1615
1710
1616
1711
1617
1712
1618
1713
1619
1714
1620
1715
1621
1716
1622
1717
1623
1718
1624
1719
1625
1720
1626
1721
1627
1722
1628
1723
1629
1724
1630
1725
1631
1726
1632
1727
1633
1728
1634
1729
1635
1730
1636
1731
1637
1732
1638
1733
1639
1734
1640
1735
1641
1736
1642
1737
1643
1738
1644
1739
1645
1740
1646
1741
1647
1742
1648
1743
1649
1744
1650
1745
1651
1746
1652
1747
1653
1748
1654
1749
1655
1750
1656
1751
1657
1752
1658
1753
1659
1754
1660
1755
1661
1756
1662
1757
1663
1758
1759
1665
1760
1666
1761
1667
1762
1668
1763
1669
1764
1670
1765
1671
1766
1672
1767
1673
1768
1674
1769
1675
1770
1676
1771
1677
1772
1678
1773
1679
1774
1680
1775
1681
1776
1682
1777
1683
1778
1684
1779
1685
1780
1686
1781
1687
1782
1688
1783
1689
1784
1690
1785
1691
1786
1692
1787
1693
1788
1694
1789
1695
1790
1696
1791
1697
1792
1698
1793
1699
1794
1700
1795
1701
1796
1702
1797
1703
1798
1704
1799
1705
1800
1706
1801
1707
1802
1708
1803
1709
1804
1710
1805
1711
1806
1712
1807
1713
1808
1714
1809
1715
1810
1716
1811
1717
1812
1718
1813
1719
1814
1720
1815
1721
1816
1722
1817
1723
1818
1724
1819
1725
1820
1726
1821
1727
1822
1728
1823
1729
1824
1730
1825
1731
1826
1732
1827
1733
1828
1734
1829
1735
1830
1736
1831
1737
1832
1738
1833
1739
1834
1740
1835
1741
1836
1742
1837
1743
1838
1744
1839
1745
1840
1746
1841
1747
1842
1748
1843
1749
1844
1750
1845
1751
1846
1752
1847
1753
1848
1754
1849
1755
1850
1756
1851
1757
1852
1758
1853
1759
1854
1855
1761
1856
1762
1857
1763
1858
1764
1859
1765
1860
1766
1861
1767
1862
1768
1863
1769
1864
1770
1865
1771
1866
1772
1867
1773
1868
1774
1869
1775
1870
1776
1871
1777
1872
1778
1873
1779
1874
1780
1875
1781
1876
1782
1877
1783
1878
1784
1879
1785
1880
1786
1881
1787
1882
1788
1883
1789
1884
1790
1885
1791
1886
1792
1887
1793
1888
1794
1889
1795
1890
1796
1891
1797
1892
1798
1893
1799
1894
1800
1895
1801
1896
1802
1897
1803
1898
1804
1899
1805
1900
1806
1901
1807
1902
1808
1903
1809
1904
1810
1905
1811
1906
1812
1907
1813
1908
1814
1909
1815
1910
1816
1911
1817
1912
1818
1913
1819
1914
1820
1915
1821
1916
1822
1917
1823
1918
1824
1919
1825
1920
1826
1921
1827
1922
1828
1923
1829
1924
1830
1925
1831
1926
1832
1927
1833
1928
1834
1929
1835
1930
1836
1931
1837
1932
1838
1933
1839
1934
1840
1935
1841
1936
1842
1937
1843
1938
1844
1939
1845
1940
1846
1941
1847
1942
1848
1943
1849
1944
1850
1945
1851
1946
1852
1947
1853
1948
1854
1949
1855
1950
1951
1857
1952
1858
1953
1859
1954
1860
1955
1861
1956
1862
1957
1863
1958
1864
1959
1865
1960
1866
1961
1867
1962
1868
1963
1869
1964
1870
1965
1871
1966
1872
1967
1873
1968
1874
1969
1875
1970
1876
1971
1877
1972
1878
1973
1879
1974
1880
1975
1881
1976
1882
1977
1883
1978
1884
1979
1885
1980
1886
1981
1887
1982
1888
1983
1889
1984
1890
1985
1891
1986
1892
1987
1893
1988
1894
1989
1895
1990
1896
1991
1897
1992
1898
1993
1899
1994
1900
1995
1901
1996
1902
1997
1903
1998
1904
1999
1905
2000
1906
2001
1907
2002
1908
2003
1909
2004
1910
2005
1911
2006
1912
2007
1913
2008
1914
2009
1915
2010
1916
2011
1917
2012
1918
2013
1919
2014
1920
2015
1921
2016
1922
2017
1923
2018
1924
2019
1925
2020
1926
2021
1927
2022
1928
2023
1929
2024
1930
2025
1931
2026
1932
2027
1933
2028
1934
2029
1935
2030
1936
2031
1937
2032
1938
2033
1939
2034
1940
2035
1941
2036
1942
2037
1943
2038
1944
2039
1945
2040
1946
2041
1947
2042
1948
2043
1949
2044
1950
2045
1951
2046
2047
1953
2048
1954
2049
1955
2050
1956
2051
1957
2052
1958
2053
1959
2054
1960
2055
1961
2056
1962
2057
1963
2058
1964
2059
1965
2060
1966
2061
1967
2062
1968
2063
1969
2064
1970
2065
1971
2066
1972
2067
1973
2068
1974
2069
1975
2070
1976
2071
1977
2072
1978
2073
1979
2074
1980
2075
1981
2076
1982
2077
1983
2078
1984
2079
1985
2080
1986
2081
1987
2082
1988
2083
1989
2084
1990
2085
1991
2086
1992
2087
1993
2088
1994
2089
1995
2090
1996
2091
1997
2092
1998
2093
1999
2094
2000
2095
2001
2096
2002
2097
2003
2098
2004
2099
2005
2100
2006
2101
2007
2102
2008
2103
2009
2104
2010
2105
2011
2106
2012
2107
2013
2108
2014
2109
2015
2110
2016
2111
2017
2112
2018
2113
2019
2114
2020
2115
2021
2116
2022
2117
2023
2118
2024
2119
2025
2120
2026
2121
2027
2122
2028
2123
2029
2124
2030
2125
2031
2126
2032
2127
2033
2128
2034
2129
2035
2130
2036
2131
2037
2132
2038
2133
2039
2134
2040
2135
2041
2136
2042
2137
2043
2138
2044
2139
2045
2140
2046
2141
2047
2142
2143
2049
2144
2050
2145
2051
2146
2052
2147
2053
2148
2054
2149
2055
2150
2056
2151
2057
2152
2058
2153
2059
2154
2060
2155
2061
2156
2062
2157
2063
2158
2064
2159
2065
2160
2066
2161
2067
2162
2068
2163
2069
2164
2070
2165
2071
2166
2072
2167
2073
2168
2074
2169
2075
2170
2076
2171
2077
2172
2078
2173
2079
2174
2080
2175
2081
2176
2082
2177
2083
2178
2084
2179
2085
2180
2086
2181
2087
2182
2088
2183
2089
2184
2090
2185
2091
2186
2092
2187
2093
2188
2094
2189
2095
2190
2096
2191
2097
2192
2098
2193
2099
2194
2100
2195
2101
2196
2102
2197
2103
2198
2104
2199
2105
2200
2106
2201
2107
2202
2108
2203
2109
2204
2110
2205
2111
2206
2112
2207
2113
2208
2114
2209
2115
2210
2116
2211
2117
2212
2118
2213
2119
2214
2120
2215
2121
2216
2122
2217
2123
2218
2124
2219
2125
2220
2126
2221
2127
2222
2128
2223
2129
2224
2130
2225
2131
2226
2132
2227
2133
2228
2134
2229
2135
2230
2136
2231
2137
2232
2138
2233
2139
2234
2140
2235
2141
2236
2142
2237
2143
2238
2239
2145
2240
2146
2241
2147
2242
2148
2243
2149
2244
2150
2245
2151
2246
2152
2247
2153
2248
2154
2249
2155
2250
2156
2251
2157
2252
2158
2253
2159
2254
2160
2255
2161
2256
2162
2257
2163
2258
2164
2259
2165
2260
2166
2261
2167
2262
2168
2263
2169
2264
2170
2265
2171
2266
2172
2267
2173
2268
2174
2269
2175
2270
2176
2271
2177
2272
2178
2273
2179
2274
2180
2275
2181
2276
2182
2277
2183
2278
2184
2279
2185
2280
2186
2281
2187
2282
2188
2283
2189
2284
2190
2285
2191
2286
2192
2287
2193
2288
2194
2289
2195
2290
2196
2291
2197
2292
2198
2293
2199
2294
2200
2295
2201
2296
2202
2297
2203
2298
2204
2299
2205
2300
2206
2301
2207
2302
2208
2303
2209
2304
2210
2305
2211
2306
2212
2307
2213
2308
2214
2309
2215
2310
2216
2311
2217
2312
2218
2313
2219
2314
2220
2315
2221
2316
2222
2317
2223
2318
2224
2319
2225
2320
2226
2321
2227
2322
2228
2323
2229
2324
2230
2325
2231
2326
2232
2327
2233
2328
2234
2329
2235
2330
2236
2331
2237
2332
2238
2333
2239
2334
2335
2241
2336
2242
2337
2243
2338
2244
2339
2245
2340
2246
2341
2247
2342
2248
2343
2249
2344
2250
2345
2251
2346
2252
2347
2253
2348
2254
2349
2255
2350
2256
2351
2257
2352
2258
2353
2259
2354
2260
2355
2261
2356
2262
2357
2263
2358
2264
2359
2265
2360
2266
2361
2267
2362
2268
2363
2269
2364
2270
2365
2271
2366
2272
2367
2273
2368
2274
2369
2275
2370
2276
2371
2277
2372
2278
2373
2279
2374
2280
2375
2281
2376
2282
2377
2283
2378
2284
2379
2285
2380
2286
2381
2287
2382
2288
2383
2289
2384
2290
2385
2291
2386
2292
2387
2293
2388
2294
2389
2295
2390
2296
2391
2297
2392
2298
2393
2299
2394
2300
2395
2301
2396
2302
2397
2303
2398
2304
2399
2305
2400
2306
2401
2307
2402
2308
2403
2309
2404
2310
2405
2311
2406
2312
2407
2313
2408
2314
2409
2315
2410
2316
2411
2317
2412
2318
2413
2319
2414
2320
2415
2321
2416
2322
2417
2323
2418
2324
2419
2325
2420
2326
2421
2327
2422
2328
2423
2329
2424
2330
2425
2331
2426
2332
2427
2333
2428
2334
2429
2335
2430
2431
2337
2432
2338
2433
2339
2434
2340
2435
2341
2436
2342
2437
2343
2438
2344
2439
2345
2440
2346
2441
2347
2442
2348
2443
2349
2444
2350
2445
2351
2446
2352
2447
2353
2448
2354
2449
2355
2450
2356
2451
2357
2452
2358
2453
2359
2454
2360
2455
2361
2456
2362
2457
2363
2458
2364
2459
2365
2460
2366
2461
2367
2462
2368
2463
2369
2464
2370
2465
2371
2466
2372
2467
2373
2468
2374
2469
2375
2470
2376
2471
2377
2472
2378
2473
2379
2474
2380
2475
2381
2476
2382
2477
2383
2478
2384
2479
2385
2480
2386
2481
2387
2482
2388
2483
2389
2484
2390
2485
2391
2486
2392
2487
2393
2488
2394
2489
2395
2490
2396
2491
2397
2492
2398
2493
2399
2494
2400
2495
2401
2496
2402
2497
2403
2498
2404
2499
2405
2500
2406
2501
2407
2502
2408
2503
2409
2504
2410
2505
2411
2506
2412
2507
2413
2508
2414
2509
2415
2510
2416
2511
2417
2512
2418
2513
2419
2514
2420
2515
2421
2516
2422
2517
2423
2518
2424
2519
2425
2520
2426
2521
2427
2522
2428
2523
2429
2524
2430
2525
2431
2526
2527
2433
2528
2434
2529
2435
2530
2436
2531
2437
2532
2438
2533
2439
2534
2440
2535
2441
2536
2442
2537
2443
2538
2444
2539
2445
2540
2446
2541
2447
2542
2448
2543
2449
2544
2450
2545
2451
2546
2452
2547
2453
2548
2454
2549
2455
2550
2456
2551
2457
2552
2458
2553
2459
2554
2460
2555
2461
2556
2462
2557
2463
2558
2464
2559
2465
2560
2466
2561
2467
2562
2468
2563
2469
2564
2470
2565
2471
2566
2472
2567
2473
2568
2474
2569
2475
2570
2476
2571
2477
2572
2478
2573
2479
2574
2480
2575
2481
2576
2482
2577
2483
2578
2484
2579
2485
2580
2486
2581
2487
2582
2488
2583
2489
2584
2490
2585
2491
2586
2492
2587
2493
2588
2494
2589
2495
2590
2496
2591
2497
2592
2498
2593
2499
2594
2500
2595
2501
2596
2502
2597
2503
2598
2504
2599
2505
2600
2506
2601
2507
2602
2508
2603
2509
2604
2510
2605
2511
2606
2512
2607
2513
2608
2514
2609
2515
2610
2516
2611
2517
2612
2518
2613
2519
2614
2520
2615
2521
2616
2522
2617
2523
2618
2524
2619
2525
2620
2526
2621
2527
2622
2623
2529
2624
2530
2625
2531
2626
2532
2627
2533
2628
2534
2629
2535
2630
2536
2631
2537
2632
2538
2633
2539
2634
2540
2635
2541
2636
2542
2637
2543
2638
2544
2639
2545
2640
2546
2641
2547
2642
2548
2643
2549
2644
2550
2645
2551
2646
2552
2647
2553
2648
2554
2649
2555
2650
2556
2651
2557
2652
2558
2653
2559
2654
2560
2655
2561
2656
2562
2657
2563
2658
2564
2659
2565
2660
2566
2661
2567
2662
2568
2663
2569
2664
2570
2665
2571
2666
2572
2667
2573
2668
2574
2669
2575
2670
2576
2671
2577
2672
2578
2673
2579
2674
2580
2675
2581
2676
2582
2677
2583
2678
2584
2679
2585
2680
2586
2681
2587
2682
2588
2683
2589
2684
2590
2685
2591
2686
2592
2687
2593
2688
2594
2689
2595
2690
2596
2691
2597
2692
2598
2693
2599
2694
2600
2695
2601
2696
2602
2697
2603
2698
2604
2699
2605
2700
2606
2701
2607
2702
2608
2703
2609
2704
2610
2705
2611
2706
2612
2707
2613
2708
2614
2709
2615
2710
2616
2711
2617
2712
2618
2713
2619
2714
2620
2715
2621
2716
2622
2717
2623
2718
2719
2625
2720
2626
2721
2627
2722
2628
2723
2629
2724
2630
2725
2631
2726
2632
2727
2633
2728
2634
2729
2635
2730
2636
2731
2637
2732
2638
2733
2639
2734
2640
2735
2641
2736
2642
2737
2643
2738
2644
2739
2645
2740
2646
2741
2647
2742
2648
2743
2649
2744
2650
2745
2651
2746
2652
2747
2653
2748
2654
2749
2655
2750
2656
2751
2657
2752
2658
2753
2659
2754
2660
2755
2661
2756
2662
2757
2663
2758
2664
2759
2665
2760
2666
2761
2667
2762
2668
2763
2669
2764
2670
2765
2671
2766
2672
2767
2673
2768
2674
2769
2675
2770
2676
2771
2677
2772
2678
2773
2679
2774
2680
2775
2681
2776
2682
2777
2683
2778
2684
2779
2685
2780
2686
2781
2687
2782
2688
2783
2689
2784
2690
2785
2691
2786
2692
2787
2693
2788
2694
2789
2695
2790
2696
2791
2697
2792
2698
2793
2699
2794
2700
2795
2701
2796
2702
2797
2703
2798
2704
2799
2705
2800
2706
2801
2707
2802
2708
2803
2709
2804
2710
2805
2711
2806
2712
2807
2713
2808
2714
2809
2715
2810
2716
2811
2717
2812
2718
2813
2719
2814
2815
2721
2816
2722
2817
2723
2818
2724
2819
2725
2820
2726
2821
2727
2822
2728
2823
2729
2824
2730
2825
2731
2826
2732
2827
2733
2828
2734
2829
2735
2830
2736
2831
2737
2832
2738
2833
2739
2834
2740
2835
2741
2836
2742
2837
2743
2838
2744
2839
2745
2840
2746
2841
2747
2842
2748
2843
2749
2844
2750
2845
2751
2846
2752
2847
2753
2848
2754
2849
2755
2850
2756
2851
2757
2852
2758
2853
2759
2854
2760
2855
2761
2856
2762
2857
2763
2858
2764
2859
2765
2860
2766
2861
2767
2862
2768
2863
2769
2864
2770
2865
2771
2866
2772
2867
2773
2868
2774
2869
2775
2870
2776
2871
2777
2872
2778
2873
2779
2874
2780
2875
2781
2876
2782
2877
2783
2878
2784
2879
2785
2880
2786
2881
2787
2882
2788
2883
2789
2884
2790
2885
2791
2886
2792
2887
2793
2888
2794
2889
2795
2890
2796
2891
2797
2892
2798
2893
2799
2894
2800
2895
2801
2896
2802
2897
2803
2898
2804
2899
2805
2900
2806
2901
2807
2902
2808
2903
2809
2904
2810
2905
2811
2906
2812
2907
2813
2908
2814
2909
2815
2910
2911
2817
2912
2818
2913
2819
2914
2820
2915
2821
2916
2822
2917
2823
2918
2824
2919
2825
2920
2826
2921
2827
2922
2828
2923
2829
2924
2830
2925
2831
2926
2832
2927
2833
2928
2834
2929
2835
2930
2836
2931
2837
2932
2838
2933
2839
2934
2840
2935
2841
2936
2842
2937
2843
2938
2844
2939
2845
2940
2846
2941
2847
2942
2848
2943
2849
2944
2850
2945
2851
2946
2852
2947
2853
2948
2854
2949
2855
2950
2856
2951
2857
2952
2858
2953
2859
2954
2860
2955
2861
2956
2862
2957
2863
2958
2864
2959
2865
2960
2866
2961
2867
2962
2868
2963
2869
2964
2870
2965
2871
2966
2872
2967
2873
2968
2874
2969
2875
2970
2876
2971
2877
2972
2878
2973
2879
2974
2880
2975
2881
2976
2882
2977
2883
2978
2884
2979
2885
2980
2886
2981
2887
2982
2888
2983
2889
2984
2890
2985
2891
2986
2892
2987
2893
2988
2894
2989
2895
2990
2896
2991
2897
2992
2898
2993
2899
2994
2900
2995
2901
2996
2902
2997
2903
2998
2904
2999
2905
3000
2906
3001
2907
3002
2908
3003
2909
3004
2910
3005
2911
3006
3007
2913
3008
2914
3009
2915
3010
2916
3011
2917
3012
2918
3013
2919
3014
2920
3015
2921
3016
2922
3017
2923
3018
2924
3019
2925
3020
2926
3021
2927
3022
2928
3023
2929
3024
2930
3025
2931
3026
2932
3027
2933
3028
2934
3029
2935
3030
2936
3031
2937
3032
2938
3033
2939
3034
2940
3035
2941
3036
2942
3037
2943
3038
2944
3039
2945
3040
2946
3041
2947
3042
2948
3043
2949
3044
2950
3045
2951
3046
2952
3047
2953
3048
2954
3049
2955
3050
2956
3051
2957
3052
2958
3053
2959
3054
2960
3055
2961
3056
2962
3057
2963
3058
2964
3059
2965
3060
2966
3061
2967
3062
2968
3063
2969
3064
2970
3065
2971
3066
2972
3067
2973
3068
2974
3069
2975
3070
2976
3071
2977
3072
2978
3073
2979
3074
2980
3075
2981
3076
2982
3077
2983
3078
2984
3079
2985
3080
2986
3081
2987
3082
2988
3083
2989
3084
2990
3085
2991
3086
2992
3087
2993
3088
2994
3089
2995
3090
2996
3091
2997
3092
2998
3093
2999
3094
3000
3095
3001
3096
3002
3097
3003
3098
3004
3099
3005
3100
3006
3101
3007
3102
3103
3009
3104
3010
3105
3011
3106
3012
3107
3013
3108
3014
3109
3015
3110
3016
3111
3017
3112
3018
3113
3019
3114
3020
3115
3021
3116
3022
3117
3023
3118
3024
3119
3025
3120
3026
3121
3027
3122
3028
3123
3029
3124
3030
3125
3031
3126
3032
3127
3033
3128
3034
3129
3035
3130
3036
3131
3037
3132
3038
3133
3039
3134
3040
3135
3041
3136
3042
3137
3043
3138
3044
3139
3045
3140
3046
3141
3047
3142
3048
3143
3049
3144
3050
3145
3051
3146
3052
3147
3053
3148
3054
3149
3055
3150
3056
3151
3057
3152
3058
3153
3059
3154
3060
3155
3061
3156
3062
3157
3063
3158
3064
3159
3065
3160
3066
3161
3067
3162
3068
3163
3069
3164
3070
3165
3071
3166
3072
3167
3073
3168
3074
3169
3075
3170
3076
3171
3077
3172
3078
3173
3079
3174
3080
3175
3081
3176
3082
3177
3083
3178
3084
3179
3085
3180
3086
3181
3087
3182
3088
3183
3089
3184
3090
3185
3091
3186
3092
3187
3093
3188
3094
3189
3095
3190
3096
3191
3097
3192
3098
3193
3099
3194
3100
3195
3101
3196
3102
3197
3103
3198
3199
3105
3200
3106
3201
3107
3202
3108
3203
3109
3204
3110
3205
3111
3206
3112
3207
3113
3208
3114
3209
3115
3210
3116
3211
3117
3212
3118
3213
3119
3214
3120
3215
3121
3216
3122
3217
3123
3218
3124
3219
3125
3220
3126
3221
3127
3222
3128
3223
3129
3224
3130
3225
3131
3226
3132
3227
3133
3228
3134
3229
3135
3230
3136
3231
3137
3232
3138
3233
3139
3234
3140
3235
3141
3236
3142
3237
3143
3238
3144
3239
3145
3240
3146
3241
3147
3242
3148
3243
3149
3244
3150
3245
3151
3246
3152
3247
3153
3248
3154
3249
3155
3250
3156
3251
3157
3252
3158
3253
3159
3254
3160
3255
3161
3256
3162
3257
3163
3258
3164
3259
3165
3260
3166
3261
3167
3262
3168
3263
3169
3264
3170
3265
3171
3266
3172
3267
3173
3268
3174
3269
3175
3270
3176
3271
3177
3272
3178
3273
3179
3274
3180
3275
3181
3276
3182
3277
3183
3278
3184
3279
3185
3280
3186
3281
3187
3282
3188
3283
3189
3284
3190
3285
3191
3286
3192
3287
3193
3288
3194
3289
3195
3290
3196
3291
3197
3292
3198
3293
3199
3294
3295
3201
3296
3202
3297
3203
3298
3204
3299
3205
3300
3206
3301
3207
3302
3208
3303
3209
3304
3210
3305
3211
3306
3212
3307
3213
3308
3214
3309
3215
3310
3216
3311
3217
3312
3218
3313
3219
3314
3220
3315
3221
3316
3222
3317
3223
3318
3224
3319
3225
3320
3226
3321
3227
3322
3228
3323
3229
3324
3230
3325
3231
3326
3232
3327
3233
3328
3234
3329
3235
3330
3236
3331
3237
3332
3238
3333
3239
3334
3240
3335
3241
3336
3242
3337
3243
3338
3244
3339
3245
3340
3246
3341
3247
3342
3248
3343
3249
3344
3250
3345
3251
3346
3252
3347
3253
3348
3254
3349
3255
3350
3256
3351
3257
3352
3258
3353
3259
3354
3260
3355
3261
3356
3262
3357
3263
3358
3264
3359
3265
3360
3266
3361
3267
3362
3268
3363
3269
3364
3270
3365
3271
3366
3272
3367
3273
3368
3274
3369
3275
3370
3276
3371
3277
3372
3278
3373
3279
3374
3280
3375
3281
3376
3282
3377
3283
3378
3284
3379
3285
3380
3286
3381
3287
3382
3288
3383
3289
3384
3290
3385
3291
3386
3292
3387
3293
3388
3294
3389
3295
3390
3391
3297
3392
3298
3393
3299
3394
3300
3395
3301
3396
3302
3397
3303
3398
3304
3399
3305
3400
3306
3401
3307
3402
3308
3403
3309
3404
3310
3405
3311
3406
3312
3407
3313
3408
3314
3409
3315
3410
3316
3411
3317
3412
3318
3413
3319
3414
3320
3415
3321
3416
3322
3417
3323
3418
3324
3419
3325
3420
3326
3421
3327
3422
3328
3423
3329
3424
3330
3425
3331
3426
3332
3427
3333
3428
3334
3429
3335
3430
3336
3431
3337
3432
3338
3433
3339
3434
3340
3435
3341
3436
3342
3437
3343
3438
3344
3439
3345
3440
3346
3441
3347
3442
3348
3443
3349
3444
3350
3445
3351
3446
3352
3447
3353
3448
3354
3449
3355
3450
3356
3451
3357
3452
3358
3453
3359
3454
3360
3455
3361
3456
3362
3457
3363
3458
3364
3459
3365
3460
3366
3461
3367
3462
3368
3463
3369
3464
3370
3465
3371
3466
3372
3467
3373
3468
3374
3469
3375
3470
3376
3471
3377
3472
3378
3473
3379
3474
3380
3475
3381
3476
3382
3477
3383
3478
3384
3479
3385
3480
3386
3481
3387
3482
3388
3483
3389
3484
3390
3485
3391
3486
3487
3393
3488
3394
3489
3395
3490
3396
3491
3397
3492
3398
3493
3399
3494
3400
3495
3401
3496
3402
3497
3403
3498
3404
3499
3405
3500
3406
3501
3407
3502
3408
3503
3409
3504
3410
3505
3411
3506
3412
3507
3413
3508
3414
3509
3415
3510
3416
3511
3417
3512
3418
3513
3419
3514
3420
3515
3421
3516
3422
3517
3423
3518
3424
3519
3425
3520
3426
3521
3427
3522
3428
3523
3429
3524
3430
3525
3431
3526
3432
3527
3433
3528
3434
3529
3435
3530
3436
3531
3437
3532
3438
3533
3439
3534
3440
3535
3441
3536
3442
3537
3443
3538
3444
3539
3445
3540
3446
3541
3447
3542
3448
3543
3449
3544
3450
3545
3451
3546
3452
3547
3453
3548
3454
3549
3455
3550
3456
3551
3457
3552
3458
3553
3459
3554
3460
3555
3461
3556
3462
3557
3463
3558
3464
3559
3465
3560
3466
3561
3467
3562
3468
3563
3469
3564
3470
3565
3471
3566
3472
3567
3473
3568
3474
3569
3475
3570
3476
3571
3477
3572
3478
3573
3479
3574
3480
3575
3481
3576
3482
3577
3483
3578
3484
3579
3485
3580
3486
3581
3487
3582
3583
3489
3584
3490
3585
3491
3586
3492
3587
3493
3588
3494
3589
3495
3590
3496
3591
3497
3592
3498
3593
3499
3594
3500
3595
3501
3596
3502
3597
3503
3598
3504
3599
3505
3600
3506
3601
3507
3602
3508
3603
3509
3604
3510
3605
3511
3606
3512
3607
3513
3608
3514
3609
3515
3610
3516
3611
3517
3612
3518
3613
3519
3614
3520
3615
3521
3616
3522
3617
3523
3618
3524
3619
3525
3620
3526
3621
3527
3622
3528
3623
3529
3624
3530
3625
3531
3626
3532
3627
3533
3628
3534
3629
3535
3630
3536
3631
3537
3632
3538
3633
3539
3634
3540
3635
3541
3636
3542
3637
3543
3638
3544
3639
3545
3640
3546
3641
3547
3642
3548
3643
3549
3644
3550
3645
3551
3646
3552
3647
3553
3648
3554
3649
3555
3650
3556
3651
3557
3652
3558
3653
3559
3654
3560
3655
3561
3656
3562
3657
3563
3658
3564
3659
3565
3660
3566
3661
3567
3662
3568
3663
3569
3664
3570
3665
3571
3666
3572
3667
3573
3668
3574
3669
3575
3670
3576
3671
3577
3672
3578
3673
3579
3674
3580
3675
3581
3676
3582
3677
3583
3678
3679
3585
3680
3586
3681
3587
3682
3588
3683
3589
3684
3590
3685
3591
3686
3592
3687
3593
3688
3594
3689
3595
3690
3596
3691
3597
3692
3598
3693
3599
3694
3600
3695
3601
3696
3602
3697
3603
3698
3604
3699
3605
3700
3606
3701
3607
3702
3608
3703
3609
3704
3610
3705
3611
3706
3612
3707
3613
3708
3614
3709
3615
3710
3616
3711
3617
3712
3618
3713
3619
3714
3620
3715
3621
3716
3622
3717
3623
3718
3624
3719
3625
3720
3626
3721
3627
3722
3628
3723
3629
3724
3630
3725
3631
3726
3632
3727
3633
3728
3634
3729
3635
3730
3636
3731
3637
3732
3638
3733
3639
3734
3640
3735
3641
3736
3642
3737
3643
3738
3644
3739
3645
3740
3646
3741
3647
3742
3648
3743
3649
3744
3650
3745
3651
3746
3652
3747
3653
3748
3654
3749
3655
3750
3656
3751
3657
3752
3658
3753
3659
3754
3660
3755
3661
3756
3662
3757
3663
3758
3664
3759
3665
3760
3666
3761
3667
3762
3668
3763
3669
3764
3670
3765
3671
3766
3672
3767
3673
3768
3674
3769
3675
3770
3676
3771
3677
3772
3678
3773
3679
3774
3775
3681
3776
3682
3777
3683
3778
3684
3779
3685
3780
3686
3781
3687
3782
3688
3783
3689
3784
3690
3785
3691
3786
3692
3787
3693
3788
3694
3789
3695
3790
3696
3791
3697
3792
3698
3793
3699
3794
3700
3795
3701
3796
3702
3797
3703
3798
3704
3799
3705
3800
3706
3801
3707
3802
3708
3803
3709
3804
3710
3805
3711
3806
3712
3807
3713
3808
3714
3809
3715
3810
3716
3811
3717
3812
3718
3813
3719
3814
3720
3815
3721
3816
3722
3817
3723
3818
3724
3819
3725
3820
3726
3821
3727
3822
3728
3823
3729
3824
3730
3825
3731
3826
3732
3827
3733
3828
3734
3829
3735
3830
3736
3831
3737
3832
3738
3833
3739
3834
3740
3835
3741
3836
3742
3837
3743
3838
3744
3839
3745
3840
3746
3841
3747
3842
3748
3843
3749
3844
3750
3845
3751
3846
3752
3847
3753
3848
3754
3849
3755
3850
3756
3851
3757
3852
3758
3853
3759
3854
3760
3855
3761
3856
3762
3857
3763
3858
3764
3859
3765
3860
3766
3861
3767
3862
3768
3863
3769
3864
3770
3865
3771
3866
3772
3867
3773
3868
3774
3869
3775
3870
3871
3777
3872
3778
3873
3779
3874
3780
3875
3781
3876
3782
3877
3783
3878
3784
3879
3785
3880
3786
3881
3787
3882
3788
3883
3789
3884
3790
3885
3791
3886
3792
3887
3793
3888
3794
3889
3795
3890
3796
3891
3797
3892
3798
3893
3799
3894
3800
3895
3801
3896
3802
3897
3803
3898
3804
3899
3805
3900
3806
3901
3807
3902
3808
3903
3809
3904
3810
3905
3811
3906
3812
3907
3813
3908
3814
3909
3815
3910
3816
3911
3817
3912
3818
3913
3819
3914
3820
3915
3821
3916
3822
3917
3823
3918
3824
3919
3825
3920
3826
3921
3827
3922
3828
3923
3829
3924
3830
3925
3831
3926
3832
3927
3833
3928
3834
3929
3835
3930
3836
3931
3837
3932
3838
3933
3839
3934
3840
3935
3841
3936
3842
3937
3843
3938
3844
3939
3845
3940
3846
3941
3847
3942
3848
3943
3849
3944
3850
3945
3851
3946
3852
3947
3853
3948
3854
3949
3855
3950
3856
3951
3857
3952
3858
3953
3859
3954
3860
3955
3861
3956
3862
3957
3863
3958
3864
3959
3865
3960
3866
3961
3867
3962
3868
3963
3869
3964
3870
3965
3871
3966
3967
3873
3968
3874
3969
3875
3970
3876
3971
3877
3972
3878
3973
3879
3974
3880
3975
3881
3976
3882
3977
3883
3978
3884
3979
3885
3980
3886
3981
3887
3982
3888
3983
3889
3984
3890
3985
3891
3986
3892
3987
3893
3988
3894
3989
3895
3990
3896
3991
3897
3992
3898
3993
3899
3994
3900
3995
3901
3996
3902
3997
3903
3998
3904
3999
3905
4000
3906
4001
3907
4002
3908
4003
3909
4004
3910
4005
3911
4006
3912
4007
3913
4008
3914
4009
3915
4010
3916
4011
3917
4012
3918
4013
3919
4014
3920
4015
3921
4016
3922
4017
3923
4018
3924
4019
3925
4020
3926
4021
3927
4022
3928
4023
3929
4024
3930
4025
3931
4026
3932
4027
3933
4028
3934
4029
3935
4030
3936
4031
3937
4032
3938
4033
3939
4034
3940
4035
3941
4036
3942
4037
3943
4038
3944
4039
3945
4040
3946
4041
3947
4042
3948
4043
3949
4044
3950
4045
3951
4046
3952
4047
3953
4048
3954
4049
3955
4050
3956
4051
3957
4052
3958
4053
3959
4054
3960
4055
3961
4056
3962
4057
3963
4058
3964
4059
3965
4060
3966
4061
3967
4062
4063
3969
4064
3970
4065
3971
4066
3972
4067
3973
4068
3974
4069
3975
4070
3976
4071
3977
4072
3978
4073
3979
4074
3980
4075
3981
4076
3982
4077
3983
4078
3984
4079
3985
4080
3986
4081
3987
4082
3988
4083
3989
4084
3990
4085
3991
4086
3992
4087
3993
4088
3994
4089
3995
4090
3996
4091
3997
4092
3998
4093
3999
4094
4000
4095
4001
4096
4002
4097
4003
4098
4004
4099
4005
4100
4006
4101
4007
4102
4008
4103
4009
4104
4010
4105
4011
4106
4012
4107
4013
4108
4014
4109
4015
4110
4016
4111
4017
4112
4018
4113
4019
4114
4020
4115
4021
4116
4022
4117
4023
4118
4024
4119
4025
4120
4026
4121
4027
4122
4028
4123
4029
4124
4030
4125
4031
4126
4032
4127
4033
4128
4034
4129
4035
4130
4036
4131
4037
4132
4038
4133
4039
4134
4040
4135
4041
4136
4042
4137
4043
4138
4044
4139
4045
4140
4046
4141
4047
4142
4048
4143
4049
4144
4050
4145
4051
4146
4052
4147
4053
4148
4054
4149
4055
4150
4056
4151
4057
4152
4058
4153
4059
4154
4060
4155
4061
4156
4062
4157
4063
4158
4159
4065
4160
4066
4161
4067
4162
4068
4163
4069
4164
4070
4165
4071
4166
4072
4167
4073
4168
4074
4169
4075
4170
4076
4171
4077
4172
4078
4173
4079
4174
4080
4175
4081
4176
4082
4177
4083
4178
4084
4179
4085
4180
4086
4181
4087
4182
4088
4183
4089
4184
4090
4185
4091
4186
4092
4187
4093
4188
4094
4189
4095
4190
4096
4191
4097
4192
4098
4193
4099
4194
4100
4195
4101
4196
4102
4197
4103
4198
4104
4199
4105
4200
4106
4201
4107
4202
4108
4203
4109
4204
4110
4205
4111
4206
4112
4207
4113
4208
4114
4209
4115
4210
4116
4211
4117
4212
4118
4213
4119
4214
4120
4215
4121
4216
4122
4217
4123
4218
4124
4219
4125
4220
4126
4221
4127
4222
4128
4223
4129
4224
4130
4225
4131
4226
4132
4227
4133
4228
4134
4229
4135
4230
4136
4231
4137
4232
4138
4233
4139
4234
4140
4235
4141
4236
4142
4237
4143
4238
4144
4239
4145
4240
4146
4241
4147
4242
4148
4243
4149
4244
4150
4245
4151
4246
4152
4247
4153
4248
4154
4249
4155
4250
4156
4251
4157
4252
4158
4253
4159
4254
4255
4161
4256
4162
4257
4163
4258
4164
4259
4165
4260
4166
4261
4167
4262
4168
4263
4169
4264
4170
4265
4171
4266
4172
4267
4173
4268
4174
4269
4175
4270
4176
4271
4177
4272
4178
4273
4179
4274
4180
4275
4181
4276
4182
4277
4183
4278
4184
4279
4185
4280
4186
4281
4187
4282
4188
4283
4189
4284
4190
4285
4191
4286
4192
4287
4193
4288
4194
4289
4195
4290
4196
4291
4197
4292
4198
4293
4199
4294
4200
4295
4201
4296
4202
4297
4203
4298
4204
4299
4205
4300
4206
4301
4207
4302
4208
4303
4209
4304
4210
4305
4211
4306
4212
4307
4213
4308
4214
4309
4215
4310
4216
4311
4217
4312
4218
4313
4219
4314
4220
4315
4221
4316
4222
4317
4223
4318
4224
4319
4225
4320
4226
4321
4227
4322
4228
4323
4229
4324
4230
4325
4231
4326
4232
4327
4233
4328
4234
4329
4235
4330
4236
4331
4237
4332
4238
4333
4239
4334
4240
4335
4241
4336
4242
4337
4243
4338
4244
4339
4245
4340
4246
4341
4247
4342
4248
4343
4249
4344
4250
4345
4251
4346
4252
4347
4253
4348
4254
4349
4255
4350
4351
4257
4352
4258
4353
4259
4354
4260
4355
4261
4356
4262
4357
4263
4358
4264
4359
4265
4360
4266
4361
4267
4362
4268
4363
4269
4364
4270
4365
4271
4366
4272
4367
4273
4368
4274
4369
4275
4370
4276
4371
4277
4372
4278
4373
4279
4374
4280
4375
4281
4376
4282
4377
4283
4378
4284
4379
4285
4380
4286
4381
4287
4382
4288
4383
4289
4384
4290
4385
4291
4386
4292
4387
4293
4388
4294
4389
4295
4390
4296
4391
4297
4392
4298
4393
4299
4394
4300
4395
4301
4396
4302
4397
4303
4398
4304
4399
4305
4400
4306
4401
4307
4402
4308
4403
4309
4404
4310
4405
4311
4406
4312
4407
4313
4408
4314
4409
4315
4410
4316
4411
4317
4412
4318
4413
4319
4414
4320
4415
4321
4416
4322
4417
4323
4418
4324
4419
4325
4420
4326
4421
4327
4422
4328
4423
4329
4424
4330
4425
4331
4426
4332
4427
4333
4428
4334
4429
4335
4430
4336
4431
4337
4432
4338
4433
4339
4434
4340
4435
4341
4436
4342
4437
4343
4438
4344
4439
4345
4440
4346
4441
4347
4442
4348
4443
4349
4444
4350
4445
4351
4446
4447
4353
4448
4354
4449
4355
4450
4356
4451
4357
4452
4358
4453
4359
4454
4360
4455
4361
4456
4362
4457
4363
4458
4364
4459
4365
4460
4366
4461
4367
4462
4368
4463
4369
4464
4370
4465
4371
4466
4372
4467
4373
4468
4374
4469
4375
4470
4376
4471
4377
4472
4378
4473
4379
4474
4380
4475
4381
4476
4382
4477
4383
4478
4384
4479
4385
4480
4386
4481
4387
4482
4388
4483
4389
4484
4390
4485
4391
4486
4392
4487
4393
4488
4394
4489
4395
4490
4396
4491
4397
4492
4398
4493
4399
4494
4400
4495
4401
4496
4402
4497
4403
4498
4404
4499
4405
4500
4406
4501
4407
4502
4408
4503
4409
4504
4410
4505
4411
4506
4412
4507
4413
4508
4414
4509
4415
4510
4416
4511
4417
4512
4418
4513
4419
4514
4420
4515
4421
4516
4422
4517
4423
4518
4424
4519
4425
4520
4426
4521
4427
4522
4428
4523
4429
4524
4430
4525
4431
4526
4432
4527
4433
4528
4434
4529
4435
4530
4436
4531
4437
4532
4438
4533
4439
4534
4440
4535
4441
4536
4442
4537
4443
4538
4444
4539
4445
4540
4446
4541
4447
4542
4543
4449
4544
4450
4545
4451
4546
4452
4547
4453
4548
4454
4549
4455
4550
4456
4551
4457
4552
4458
4553
4459
4554
4460
4555
4461
4556
4462
4557
4463
4558
4464
4559
4465
4560
4466
4561
4467
4562
4468
4563
4469
4564
4470
4565
4471
4566
4472
4567
4473
4568
4474
4569
4475
4570
4476
4571
4477
4572
4478
4573
4479
4574
4480
4575
4481
4576
4482
4577
4483
4578
4484
4579
4485
4580
4486
4581
4487
4582
4488
4583
4489
4584
4490
4585
4491
4586
4492
4587
4493
4588
4494
4589
4495
4590
4496
4591
4497
4592
4498
4593
4499
4594
4500
4595
4501
4596
4502
4597
4503
4598
4504
4599
4505
4600
4506
4601
4507
4602
4508
4603
4509
4604
4510
4605
4511
4606
4512
4607
4513
4608
4514
4609
4515
4610
4516
4611
4517
4612
4518
4613
4519
4614
4520
4615
4521
4616
4522
4617
4523
4618
4524
4619
4525
4620
4526
4621
4527
4622
4528
4623
4529
4624
4530
4625
4531
4626
4532
4627
4533
4628
4534
4629
4535
4630
4536
4631
4537
4632
4538
4633
4539
4634
4540
4635
4541
4636
4542
4637
4543
4638
4639
4545
4640
4546
4641
4547
4642
4548
4643
4549
4644
4550
4645
4551
4646
4552
4647
4553
4648
4554
4649
4555
4650
4556
4651
4557
4652
4558
4653
4559
4654
4560
4655
4561
4656
4562
4657
4563
4658
4564
4659
4565
4660
4566
4661
4567
4662
4568
4663
4569
4664
4570
4665
4571
4666
4572
4667
4573
4668
4574
4669
4575
4670
4576
4671
4577
4672
4578
4673
4579
4674
4580
4675
4581
4676
4582
4677
4583
4678
4584
4679
4585
4680
4586
4681
4587
4682
4588
4683
4589
4684
4590
4685
4591
4686
4592
4687
4593
4688
4594
4689
4595
4690
4596
4691
4597
4692
4598
4693
4599
4694
4600
4695
4601
4696
4602
4697
4603
4698
4604
4699
4605
4700
4606
4701
4607
4702
4608
4703
4609
4704
4610
4705
4611
4706
4612
4707
4613
4708
4614
4709
4615
4710
4616
4711
4617
4712
4618
4713
4619
4714
4620
4715
4621
4716
4622
4717
4623
4718
4624
4719
4625
4720
4626
4721
4627
4722
4628
4723
4629
4724
4630
4725
4631
4726
4632
4727
4633
4728
4634
4729
4635
4730
4636
4731
4637
4732
4638
4733
4639
4734
4735
4641
4642
4643
4644
4645
4646
4647
4648
4649
4650
4651
4652
4653
4654
4655
4656
4657
4658
4659
4660
4661
4662
4663
4664
4665
4666
4667
4668
4669
4670
4671
4672
4673
4674
4675
4676
4677
4678
4679
4680
4681
4682
4683
4684
4685
4686
4687
4688
4689
4690
4691
4692
4693
4694
4695
4696
4697
4698
4699
4700
4701
4702
4703
4704
4705
4706
4707
4708
4709
4710
4711
4712
4713
4714
4715
4716
4717
4718
4719
4720
4721
4722
4723
4724
4725
4726
4727
4728
4729
4730
4731
4732
4733
4734
4735
)


// ************************************************************************* //
