/*--------------------------------*- C++ -*----------------------------------*\
| =========                 |                                                 |
| \\      /  F ield         | OpenFOAM: The Open Source CFD Toolbox           |
|  \\    /   O peration     | Version:  2112                                  |
|   \\  /    A nd           | Website:  www.openfoam.com                      |
|    \\/     M anipulation  |                                                 |
\*---------------------------------------------------------------------------*/
FoamFile
{
    version     2.0;
    format      ascii;
    arch        "LSB;label=64;scalar=64";
    class       vectorField;
    location    "constant/polyMesh";
    object      points;
}
// * * * * * * * * * * * * * * * * * * * * * * * * * * * * * * * * * * * * * //


2544
(
(0 0 -0.5)
(0.25 0 -0.5)
(0.5 0 -0.5)
(0.75 0 -0.5)
(1 0 -0.5)
(1.25 0 -0.5)
(1.5 0 -0.5)
(1.75 0 -0.5)
(2 0 -0.5)
(0 0.25 -0.5)
(0.25 0.25 -0.5)
(0.5 0.25 -0.5)
(0.75 0.25 -0.5)
(1 0.25 -0.5)
(1.25 0.25 -0.5)
(1.5 0.25 -0.5)
(1.75 0.25 -0.5)
(2 0.25 -0.5)
(0 0.5 -0.5)
(0.25 0.5 -0.5)
(0.5 0.5 -0.5)
(0.75 0.5 -0.5)
(1 0.5 -0.5)
(1.25 0.5 -0.5)
(1.5 0.5 -0.5)
(1.75 0.5 -0.5)
(2 0.5 -0.5)
(0 0.75 -0.5)
(0.25 0.75 -0.5)
(0.5 0.75 -0.5)
(0.75 0.75 -0.5)
(1 0.75 -0.5)
(1.25 0.75 -0.5)
(1.5 0.75 -0.5)
(1.75 0.75 -0.5)
(2 0.75 -0.5)
(0 1 -0.5)
(0.25 1 -0.5)
(0.5 1 -0.5)
(0.75 1 -0.5)
(1 1 -0.5)
(1.25 1 -0.5)
(1.5 1 -0.5)
(1.75 1 -0.5)
(2 1 -0.5)
(0 1.25 -0.5)
(0.25 1.25 -0.5)
(0.5 1.25 -0.5)
(0.75 1.25 -0.5)
(1 1.25 -0.5)
(1.25 1.25 -0.5)
(1.5 1.25 -0.5)
(1.75 1.25 -0.5)
(2 1.25 -0.5)
(0 1.5 -0.5)
(0.25 1.5 -0.5)
(0.5 1.5 -0.5)
(0.75 1.5 -0.5)
(1 1.5 -0.5)
(1.25 1.5 -0.5)
(1.5 1.5 -0.5)
(1.75 1.5 -0.5)
(2 1.5 -0.5)
(0 1.75 -0.5)
(0.25 1.75 -0.5)
(0.5 1.75 -0.5)
(0.75 1.75 -0.5)
(1 1.75 -0.5)
(1.25 1.75 -0.5)
(1.5 1.75 -0.5)
(1.75 1.75 -0.5)
(2 1.75 -0.5)
(0 2 -0.5)
(0.25 2 -0.5)
(0.5 2 -0.5)
(0.75 2 -0.5)
(1 2 -0.5)
(1.25 2 -0.5)
(1.5 2 -0.5)
(1.75 2 -0.5)
(2 2 -0.5)
(0 0 0.5)
(0.25 0 0.5)
(0.5 0 0.5)
(0.75 0 0.5)
(1 0 0.5)
(1.25 0 0.5)
(1.5 0 0.5)
(1.75 0 0.5)
(2 0 0.5)
(0 0.25 0.5)
(0.25 0.25 0.5)
(0.5 0.25 0.5)
(0.75 0.25 0.5)
(1 0.25 0.5)
(1.25 0.25 0.5)
(1.5 0.25 0.5)
(1.75 0.25 0.5)
(2 0.25 0.5)
(0 0.5 0.5)
(0.25 0.5 0.5)
(0.5 0.5 0.5)
(0.75 0.5 0.5)
(1 0.5 0.5)
(1.25 0.5 0.5)
(1.5 0.5 0.5)
(1.75 0.5 0.5)
(2 0.5 0.5)
(0 0.75 0.5)
(0.25 0.75 0.5)
(0.5 0.75 0.5)
(0.75 0.75 0.5)
(1 0.75 0.5)
(1.25 0.75 0.5)
(1.5 0.75 0.5)
(1.75 0.75 0.5)
(2 0.75 0.5)
(0 1 0.5)
(0.25 1 0.5)
(0.5 1 0.5)
(0.75 1 0.5)
(1 1 0.5)
(1.25 1 0.5)
(1.5 1 0.5)
(1.75 1 0.5)
(2 1 0.5)
(0 1.25 0.5)
(0.25 1.25 0.5)
(0.5 1.25 0.5)
(0.75 1.25 0.5)
(1 1.25 0.5)
(1.25 1.25 0.5)
(1.5 1.25 0.5)
(1.75 1.25 0.5)
(2 1.25 0.5)
(0 1.5 0.5)
(0.25 1.5 0.5)
(0.5 1.5 0.5)
(0.75 1.5 0.5)
(1 1.5 0.5)
(1.25 1.5 0.5)
(1.5 1.5 0.5)
(1.75 1.5 0.5)
(2 1.5 0.5)
(0 1.75 0.5)
(0.25 1.75 0.5)
(0.5 1.75 0.5)
(0.75 1.75 0.5)
(1 1.75 0.5)
(1.25 1.75 0.5)
(1.5 1.75 0.5)
(1.75 1.75 0.5)
(2 1.75 0.5)
(0 2 0.5)
(0.25 2 0.5)
(0.5 2 0.5)
(0.75 2 0.5)
(1 2 0.5)
(1.25 2 0.5)
(1.5 2 0.5)
(1.75 2 0.5)
(2 2 0.5)
(0 2.25 -0.5)
(0.25 2.25 -0.5)
(0.5 2.25 -0.5)
(0.75 2.25 -0.5)
(1 2.25 -0.5)
(1.25 2.25 -0.5)
(1.5 2.25 -0.5)
(1.75 2.25 -0.5)
(2 2.25 -0.5)
(0 2.5 -0.5)
(0.25 2.5 -0.5)
(0.5 2.5 -0.5)
(0.75 2.5 -0.5)
(1 2.5 -0.5)
(1.25 2.5 -0.5)
(1.5 2.5 -0.5)
(1.75 2.5 -0.5)
(2 2.5 -0.5)
(0 2.75 -0.5)
(0.25 2.75 -0.5)
(0.5 2.75 -0.5)
(0.75 2.75 -0.5)
(1 2.75 -0.5)
(1.25 2.75 -0.5)
(1.5 2.75 -0.5)
(1.75 2.75 -0.5)
(2 2.75 -0.5)
(0 3 -0.5)
(0.25 3 -0.5)
(0.5 3 -0.5)
(0.75 3 -0.5)
(1 3 -0.5)
(1.25 3 -0.5)
(1.5 3 -0.5)
(1.75 3 -0.5)
(2 3 -0.5)
(0 2.25 0.5)
(0.25 2.25 0.5)
(0.5 2.25 0.5)
(0.75 2.25 0.5)
(1 2.25 0.5)
(1.25 2.25 0.5)
(1.5 2.25 0.5)
(1.75 2.25 0.5)
(2 2.25 0.5)
(0 2.5 0.5)
(0.25 2.5 0.5)
(0.5 2.5 0.5)
(0.75 2.5 0.5)
(1 2.5 0.5)
(1.25 2.5 0.5)
(1.5 2.5 0.5)
(1.75 2.5 0.5)
(2 2.5 0.5)
(0 2.75 0.5)
(0.25 2.75 0.5)
(0.5 2.75 0.5)
(0.75 2.75 0.5)
(1 2.75 0.5)
(1.25 2.75 0.5)
(1.5 2.75 0.5)
(1.75 2.75 0.5)
(2 2.75 0.5)
(0 3 0.5)
(0.25 3 0.5)
(0.5 3 0.5)
(0.75 3 0.5)
(1 3 0.5)
(1.25 3 0.5)
(1.5 3 0.5)
(1.75 3 0.5)
(2 3 0.5)
(0 3.25 -0.5)
(0.25 3.25 -0.5)
(0.5 3.25 -0.5)
(0.75 3.25 -0.5)
(1 3.25 -0.5)
(1.25 3.25 -0.5)
(1.5 3.25 -0.5)
(1.75 3.25 -0.5)
(2 3.25 -0.5)
(0 3.5 -0.5)
(0.25 3.5 -0.5)
(0.5 3.5 -0.5)
(0.75 3.5 -0.5)
(1 3.5 -0.5)
(1.25 3.5 -0.5)
(1.5 3.5 -0.5)
(1.75 3.5 -0.5)
(2 3.5 -0.5)
(0 3.75 -0.5)
(0.25 3.75 -0.5)
(0.5 3.75 -0.5)
(0.75 3.75 -0.5)
(1 3.75 -0.5)
(1.25 3.75 -0.5)
(1.5 3.75 -0.5)
(1.75 3.75 -0.5)
(2 3.75 -0.5)
(0 4 -0.5)
(0.25 4 -0.5)
(0.5 4 -0.5)
(0.75 4 -0.5)
(1 4 -0.5)
(1.25 4 -0.5)
(1.5 4 -0.5)
(1.75 4 -0.5)
(2 4 -0.5)
(0 4.25 -0.5)
(0.25 4.25 -0.5)
(0.5 4.25 -0.5)
(0.75 4.25 -0.5)
(1 4.25 -0.5)
(1.25 4.25 -0.5)
(1.5 4.25 -0.5)
(1.75 4.25 -0.5)
(2 4.25 -0.5)
(0 4.5 -0.5)
(0.25 4.5 -0.5)
(0.5 4.5 -0.5)
(0.75 4.5 -0.5)
(1 4.5 -0.5)
(1.25 4.5 -0.5)
(1.5 4.5 -0.5)
(1.75 4.5 -0.5)
(2 4.5 -0.5)
(0 4.75 -0.5)
(0.25 4.75 -0.5)
(0.5 4.75 -0.5)
(0.75 4.75 -0.5)
(1 4.75 -0.5)
(1.25 4.75 -0.5)
(1.5 4.75 -0.5)
(1.75 4.75 -0.5)
(2 4.75 -0.5)
(0 5 -0.5)
(0.25 5 -0.5)
(0.5 5 -0.5)
(0.75 5 -0.5)
(1 5 -0.5)
(1.25 5 -0.5)
(1.5 5 -0.5)
(1.75 5 -0.5)
(2 5 -0.5)
(0 3.25 0.5)
(0.25 3.25 0.5)
(0.5 3.25 0.5)
(0.75 3.25 0.5)
(1 3.25 0.5)
(1.25 3.25 0.5)
(1.5 3.25 0.5)
(1.75 3.25 0.5)
(2 3.25 0.5)
(0 3.5 0.5)
(0.25 3.5 0.5)
(0.5 3.5 0.5)
(0.75 3.5 0.5)
(1 3.5 0.5)
(1.25 3.5 0.5)
(1.5 3.5 0.5)
(1.75 3.5 0.5)
(2 3.5 0.5)
(0 3.75 0.5)
(0.25 3.75 0.5)
(0.5 3.75 0.5)
(0.75 3.75 0.5)
(1 3.75 0.5)
(1.25 3.75 0.5)
(1.5 3.75 0.5)
(1.75 3.75 0.5)
(2 3.75 0.5)
(0 4 0.5)
(0.25 4 0.5)
(0.5 4 0.5)
(0.75 4 0.5)
(1 4 0.5)
(1.25 4 0.5)
(1.5 4 0.5)
(1.75 4 0.5)
(2 4 0.5)
(0 4.25 0.5)
(0.25 4.25 0.5)
(0.5 4.25 0.5)
(0.75 4.25 0.5)
(1 4.25 0.5)
(1.25 4.25 0.5)
(1.5 4.25 0.5)
(1.75 4.25 0.5)
(2 4.25 0.5)
(0 4.5 0.5)
(0.25 4.5 0.5)
(0.5 4.5 0.5)
(0.75 4.5 0.5)
(1 4.5 0.5)
(1.25 4.5 0.5)
(1.5 4.5 0.5)
(1.75 4.5 0.5)
(2 4.5 0.5)
(0 4.75 0.5)
(0.25 4.75 0.5)
(0.5 4.75 0.5)
(0.75 4.75 0.5)
(1 4.75 0.5)
(1.25 4.75 0.5)
(1.5 4.75 0.5)
(1.75 4.75 0.5)
(2 4.75 0.5)
(0 5 0.5)
(0.25 5 0.5)
(0.5 5 0.5)
(0.75 5 0.5)
(1 5 0.5)
(1.25 5 0.5)
(1.5 5 0.5)
(1.75 5 0.5)
(2 5 0.5)
(2.25 0 -0.5)
(2.5 0 -0.5)
(2.75 0 -0.5)
(3 0 -0.5)
(2.25 0.25 -0.5)
(2.5 0.25 -0.5)
(2.75 0.25 -0.5)
(3 0.25 -0.5)
(2.25 0.5 -0.5)
(2.5 0.5 -0.5)
(2.75 0.5 -0.5)
(3 0.5 -0.5)
(2.25 0.75 -0.5)
(2.5 0.75 -0.5)
(2.75 0.75 -0.5)
(3 0.75 -0.5)
(2.25 1 -0.5)
(2.5 1 -0.5)
(2.75 1 -0.5)
(3 1 -0.5)
(2.25 1.25 -0.5)
(2.5 1.25 -0.5)
(2.75 1.25 -0.5)
(3 1.25 -0.5)
(2.25 1.5 -0.5)
(2.5 1.5 -0.5)
(2.75 1.5 -0.5)
(3 1.5 -0.5)
(2.25 1.75 -0.5)
(2.5 1.75 -0.5)
(2.75 1.75 -0.5)
(3 1.75 -0.5)
(2.25 2 -0.5)
(2.5 2 -0.5)
(2.75 2 -0.5)
(3 2 -0.5)
(2.25 0 0.5)
(2.5 0 0.5)
(2.75 0 0.5)
(3 0 0.5)
(2.25 0.25 0.5)
(2.5 0.25 0.5)
(2.75 0.25 0.5)
(3 0.25 0.5)
(2.25 0.5 0.5)
(2.5 0.5 0.5)
(2.75 0.5 0.5)
(3 0.5 0.5)
(2.25 0.75 0.5)
(2.5 0.75 0.5)
(2.75 0.75 0.5)
(3 0.75 0.5)
(2.25 1 0.5)
(2.5 1 0.5)
(2.75 1 0.5)
(3 1 0.5)
(2.25 1.25 0.5)
(2.5 1.25 0.5)
(2.75 1.25 0.5)
(3 1.25 0.5)
(2.25 1.5 0.5)
(2.5 1.5 0.5)
(2.75 1.5 0.5)
(3 1.5 0.5)
(2.25 1.75 0.5)
(2.5 1.75 0.5)
(2.75 1.75 0.5)
(3 1.75 0.5)
(2.25 2 0.5)
(2.5 2 0.5)
(2.75 2 0.5)
(3 2 0.5)
(2.25 3 -0.5)
(2.5 3 -0.5)
(2.75 3 -0.5)
(3 3 -0.5)
(2.25 3.25 -0.5)
(2.5 3.25 -0.5)
(2.75 3.25 -0.5)
(3 3.25 -0.5)
(2.25 3.5 -0.5)
(2.5 3.5 -0.5)
(2.75 3.5 -0.5)
(3 3.5 -0.5)
(2.25 3.75 -0.5)
(2.5 3.75 -0.5)
(2.75 3.75 -0.5)
(3 3.75 -0.5)
(2.25 4 -0.5)
(2.5 4 -0.5)
(2.75 4 -0.5)
(3 4 -0.5)
(2.25 4.25 -0.5)
(2.5 4.25 -0.5)
(2.75 4.25 -0.5)
(3 4.25 -0.5)
(2.25 4.5 -0.5)
(2.5 4.5 -0.5)
(2.75 4.5 -0.5)
(3 4.5 -0.5)
(2.25 4.75 -0.5)
(2.5 4.75 -0.5)
(2.75 4.75 -0.5)
(3 4.75 -0.5)
(2.25 5 -0.5)
(2.5 5 -0.5)
(2.75 5 -0.5)
(3 5 -0.5)
(2.25 3 0.5)
(2.5 3 0.5)
(2.75 3 0.5)
(3 3 0.5)
(2.25 3.25 0.5)
(2.5 3.25 0.5)
(2.75 3.25 0.5)
(3 3.25 0.5)
(2.25 3.5 0.5)
(2.5 3.5 0.5)
(2.75 3.5 0.5)
(3 3.5 0.5)
(2.25 3.75 0.5)
(2.5 3.75 0.5)
(2.75 3.75 0.5)
(3 3.75 0.5)
(2.25 4 0.5)
(2.5 4 0.5)
(2.75 4 0.5)
(3 4 0.5)
(2.25 4.25 0.5)
(2.5 4.25 0.5)
(2.75 4.25 0.5)
(3 4.25 0.5)
(2.25 4.5 0.5)
(2.5 4.5 0.5)
(2.75 4.5 0.5)
(3 4.5 0.5)
(2.25 4.75 0.5)
(2.5 4.75 0.5)
(2.75 4.75 0.5)
(3 4.75 0.5)
(2.25 5 0.5)
(2.5 5 0.5)
(2.75 5 0.5)
(3 5 0.5)
(3.25 0 -0.5)
(3.5 0 -0.5)
(3.75 0 -0.5)
(4 0 -0.5)
(4.25 0 -0.5)
(4.5 0 -0.5)
(4.75 0 -0.5)
(5 0 -0.5)
(5.25 0 -0.5)
(5.5 0 -0.5)
(5.75 0 -0.5)
(6 0 -0.5)
(6.25 0 -0.5)
(6.5 0 -0.5)
(6.75 0 -0.5)
(7 0 -0.5)
(7.25 0 -0.5)
(7.5 0 -0.5)
(7.75 0 -0.5)
(8 0 -0.5)
(8.25 0 -0.5)
(8.5 0 -0.5)
(8.75 0 -0.5)
(9 0 -0.5)
(9.25 0 -0.5)
(9.5 0 -0.5)
(9.75 0 -0.5)
(10 0 -0.5)
(10.25 0 -0.5)
(10.5 0 -0.5)
(10.75 0 -0.5)
(11 0 -0.5)
(11.25 0 -0.5)
(11.5 0 -0.5)
(11.75 0 -0.5)
(12 0 -0.5)
(12.25 0 -0.5)
(12.5 0 -0.5)
(12.75 0 -0.5)
(13 0 -0.5)
(13.25 0 -0.5)
(13.5 0 -0.5)
(13.75 0 -0.5)
(14 0 -0.5)
(14.25 0 -0.5)
(14.5 0 -0.5)
(14.75 0 -0.5)
(15 0 -0.5)
(3.25 0.25 -0.5)
(3.5 0.25 -0.5)
(3.75 0.25 -0.5)
(4 0.25 -0.5)
(4.25 0.25 -0.5)
(4.5 0.25 -0.5)
(4.75 0.25 -0.5)
(5 0.25 -0.5)
(5.25 0.25 -0.5)
(5.5 0.25 -0.5)
(5.75 0.25 -0.5)
(6 0.25 -0.5)
(6.25 0.25 -0.5)
(6.5 0.25 -0.5)
(6.75 0.25 -0.5)
(7 0.25 -0.5)
(7.25 0.25 -0.5)
(7.5 0.25 -0.5)
(7.75 0.25 -0.5)
(8 0.25 -0.5)
(8.25 0.25 -0.5)
(8.5 0.25 -0.5)
(8.75 0.25 -0.5)
(9 0.25 -0.5)
(9.25 0.25 -0.5)
(9.5 0.25 -0.5)
(9.75 0.25 -0.5)
(10 0.25 -0.5)
(10.25 0.25 -0.5)
(10.5 0.25 -0.5)
(10.75 0.25 -0.5)
(11 0.25 -0.5)
(11.25 0.25 -0.5)
(11.5 0.25 -0.5)
(11.75 0.25 -0.5)
(12 0.25 -0.5)
(12.25 0.25 -0.5)
(12.5 0.25 -0.5)
(12.75 0.25 -0.5)
(13 0.25 -0.5)
(13.25 0.25 -0.5)
(13.5 0.25 -0.5)
(13.75 0.25 -0.5)
(14 0.25 -0.5)
(14.25 0.25 -0.5)
(14.5 0.25 -0.5)
(14.75 0.25 -0.5)
(15 0.25 -0.5)
(3.25 0.5 -0.5)
(3.5 0.5 -0.5)
(3.75 0.5 -0.5)
(4 0.5 -0.5)
(4.25 0.5 -0.5)
(4.5 0.5 -0.5)
(4.75 0.5 -0.5)
(5 0.5 -0.5)
(5.25 0.5 -0.5)
(5.5 0.5 -0.5)
(5.75 0.5 -0.5)
(6 0.5 -0.5)
(6.25 0.5 -0.5)
(6.5 0.5 -0.5)
(6.75 0.5 -0.5)
(7 0.5 -0.5)
(7.25 0.5 -0.5)
(7.5 0.5 -0.5)
(7.75 0.5 -0.5)
(8 0.5 -0.5)
(8.25 0.5 -0.5)
(8.5 0.5 -0.5)
(8.75 0.5 -0.5)
(9 0.5 -0.5)
(9.25 0.5 -0.5)
(9.5 0.5 -0.5)
(9.75 0.5 -0.5)
(10 0.5 -0.5)
(10.25 0.5 -0.5)
(10.5 0.5 -0.5)
(10.75 0.5 -0.5)
(11 0.5 -0.5)
(11.25 0.5 -0.5)
(11.5 0.5 -0.5)
(11.75 0.5 -0.5)
(12 0.5 -0.5)
(12.25 0.5 -0.5)
(12.5 0.5 -0.5)
(12.75 0.5 -0.5)
(13 0.5 -0.5)
(13.25 0.5 -0.5)
(13.5 0.5 -0.5)
(13.75 0.5 -0.5)
(14 0.5 -0.5)
(14.25 0.5 -0.5)
(14.5 0.5 -0.5)
(14.75 0.5 -0.5)
(15 0.5 -0.5)
(3.25 0.75 -0.5)
(3.5 0.75 -0.5)
(3.75 0.75 -0.5)
(4 0.75 -0.5)
(4.25 0.75 -0.5)
(4.5 0.75 -0.5)
(4.75 0.75 -0.5)
(5 0.75 -0.5)
(5.25 0.75 -0.5)
(5.5 0.75 -0.5)
(5.75 0.75 -0.5)
(6 0.75 -0.5)
(6.25 0.75 -0.5)
(6.5 0.75 -0.5)
(6.75 0.75 -0.5)
(7 0.75 -0.5)
(7.25 0.75 -0.5)
(7.5 0.75 -0.5)
(7.75 0.75 -0.5)
(8 0.75 -0.5)
(8.25 0.75 -0.5)
(8.5 0.75 -0.5)
(8.75 0.75 -0.5)
(9 0.75 -0.5)
(9.25 0.75 -0.5)
(9.5 0.75 -0.5)
(9.75 0.75 -0.5)
(10 0.75 -0.5)
(10.25 0.75 -0.5)
(10.5 0.75 -0.5)
(10.75 0.75 -0.5)
(11 0.75 -0.5)
(11.25 0.75 -0.5)
(11.5 0.75 -0.5)
(11.75 0.75 -0.5)
(12 0.75 -0.5)
(12.25 0.75 -0.5)
(12.5 0.75 -0.5)
(12.75 0.75 -0.5)
(13 0.75 -0.5)
(13.25 0.75 -0.5)
(13.5 0.75 -0.5)
(13.75 0.75 -0.5)
(14 0.75 -0.5)
(14.25 0.75 -0.5)
(14.5 0.75 -0.5)
(14.75 0.75 -0.5)
(15 0.75 -0.5)
(3.25 1 -0.5)
(3.5 1 -0.5)
(3.75 1 -0.5)
(4 1 -0.5)
(4.25 1 -0.5)
(4.5 1 -0.5)
(4.75 1 -0.5)
(5 1 -0.5)
(5.25 1 -0.5)
(5.5 1 -0.5)
(5.75 1 -0.5)
(6 1 -0.5)
(6.25 1 -0.5)
(6.5 1 -0.5)
(6.75 1 -0.5)
(7 1 -0.5)
(7.25 1 -0.5)
(7.5 1 -0.5)
(7.75 1 -0.5)
(8 1 -0.5)
(8.25 1 -0.5)
(8.5 1 -0.5)
(8.75 1 -0.5)
(9 1 -0.5)
(9.25 1 -0.5)
(9.5 1 -0.5)
(9.75 1 -0.5)
(10 1 -0.5)
(10.25 1 -0.5)
(10.5 1 -0.5)
(10.75 1 -0.5)
(11 1 -0.5)
(11.25 1 -0.5)
(11.5 1 -0.5)
(11.75 1 -0.5)
(12 1 -0.5)
(12.25 1 -0.5)
(12.5 1 -0.5)
(12.75 1 -0.5)
(13 1 -0.5)
(13.25 1 -0.5)
(13.5 1 -0.5)
(13.75 1 -0.5)
(14 1 -0.5)
(14.25 1 -0.5)
(14.5 1 -0.5)
(14.75 1 -0.5)
(15 1 -0.5)
(3.25 1.25 -0.5)
(3.5 1.25 -0.5)
(3.75 1.25 -0.5)
(4 1.25 -0.5)
(4.25 1.25 -0.5)
(4.5 1.25 -0.5)
(4.75 1.25 -0.5)
(5 1.25 -0.5)
(5.25 1.25 -0.5)
(5.5 1.25 -0.5)
(5.75 1.25 -0.5)
(6 1.25 -0.5)
(6.25 1.25 -0.5)
(6.5 1.25 -0.5)
(6.75 1.25 -0.5)
(7 1.25 -0.5)
(7.25 1.25 -0.5)
(7.5 1.25 -0.5)
(7.75 1.25 -0.5)
(8 1.25 -0.5)
(8.25 1.25 -0.5)
(8.5 1.25 -0.5)
(8.75 1.25 -0.5)
(9 1.25 -0.5)
(9.25 1.25 -0.5)
(9.5 1.25 -0.5)
(9.75 1.25 -0.5)
(10 1.25 -0.5)
(10.25 1.25 -0.5)
(10.5 1.25 -0.5)
(10.75 1.25 -0.5)
(11 1.25 -0.5)
(11.25 1.25 -0.5)
(11.5 1.25 -0.5)
(11.75 1.25 -0.5)
(12 1.25 -0.5)
(12.25 1.25 -0.5)
(12.5 1.25 -0.5)
(12.75 1.25 -0.5)
(13 1.25 -0.5)
(13.25 1.25 -0.5)
(13.5 1.25 -0.5)
(13.75 1.25 -0.5)
(14 1.25 -0.5)
(14.25 1.25 -0.5)
(14.5 1.25 -0.5)
(14.75 1.25 -0.5)
(15 1.25 -0.5)
(3.25 1.5 -0.5)
(3.5 1.5 -0.5)
(3.75 1.5 -0.5)
(4 1.5 -0.5)
(4.25 1.5 -0.5)
(4.5 1.5 -0.5)
(4.75 1.5 -0.5)
(5 1.5 -0.5)
(5.25 1.5 -0.5)
(5.5 1.5 -0.5)
(5.75 1.5 -0.5)
(6 1.5 -0.5)
(6.25 1.5 -0.5)
(6.5 1.5 -0.5)
(6.75 1.5 -0.5)
(7 1.5 -0.5)
(7.25 1.5 -0.5)
(7.5 1.5 -0.5)
(7.75 1.5 -0.5)
(8 1.5 -0.5)
(8.25 1.5 -0.5)
(8.5 1.5 -0.5)
(8.75 1.5 -0.5)
(9 1.5 -0.5)
(9.25 1.5 -0.5)
(9.5 1.5 -0.5)
(9.75 1.5 -0.5)
(10 1.5 -0.5)
(10.25 1.5 -0.5)
(10.5 1.5 -0.5)
(10.75 1.5 -0.5)
(11 1.5 -0.5)
(11.25 1.5 -0.5)
(11.5 1.5 -0.5)
(11.75 1.5 -0.5)
(12 1.5 -0.5)
(12.25 1.5 -0.5)
(12.5 1.5 -0.5)
(12.75 1.5 -0.5)
(13 1.5 -0.5)
(13.25 1.5 -0.5)
(13.5 1.5 -0.5)
(13.75 1.5 -0.5)
(14 1.5 -0.5)
(14.25 1.5 -0.5)
(14.5 1.5 -0.5)
(14.75 1.5 -0.5)
(15 1.5 -0.5)
(3.25 1.75 -0.5)
(3.5 1.75 -0.5)
(3.75 1.75 -0.5)
(4 1.75 -0.5)
(4.25 1.75 -0.5)
(4.5 1.75 -0.5)
(4.75 1.75 -0.5)
(5 1.75 -0.5)
(5.25 1.75 -0.5)
(5.5 1.75 -0.5)
(5.75 1.75 -0.5)
(6 1.75 -0.5)
(6.25 1.75 -0.5)
(6.5 1.75 -0.5)
(6.75 1.75 -0.5)
(7 1.75 -0.5)
(7.25 1.75 -0.5)
(7.5 1.75 -0.5)
(7.75 1.75 -0.5)
(8 1.75 -0.5)
(8.25 1.75 -0.5)
(8.5 1.75 -0.5)
(8.75 1.75 -0.5)
(9 1.75 -0.5)
(9.25 1.75 -0.5)
(9.5 1.75 -0.5)
(9.75 1.75 -0.5)
(10 1.75 -0.5)
(10.25 1.75 -0.5)
(10.5 1.75 -0.5)
(10.75 1.75 -0.5)
(11 1.75 -0.5)
(11.25 1.75 -0.5)
(11.5 1.75 -0.5)
(11.75 1.75 -0.5)
(12 1.75 -0.5)
(12.25 1.75 -0.5)
(12.5 1.75 -0.5)
(12.75 1.75 -0.5)
(13 1.75 -0.5)
(13.25 1.75 -0.5)
(13.5 1.75 -0.5)
(13.75 1.75 -0.5)
(14 1.75 -0.5)
(14.25 1.75 -0.5)
(14.5 1.75 -0.5)
(14.75 1.75 -0.5)
(15 1.75 -0.5)
(3.25 2 -0.5)
(3.5 2 -0.5)
(3.75 2 -0.5)
(4 2 -0.5)
(4.25 2 -0.5)
(4.5 2 -0.5)
(4.75 2 -0.5)
(5 2 -0.5)
(5.25 2 -0.5)
(5.5 2 -0.5)
(5.75 2 -0.5)
(6 2 -0.5)
(6.25 2 -0.5)
(6.5 2 -0.5)
(6.75 2 -0.5)
(7 2 -0.5)
(7.25 2 -0.5)
(7.5 2 -0.5)
(7.75 2 -0.5)
(8 2 -0.5)
(8.25 2 -0.5)
(8.5 2 -0.5)
(8.75 2 -0.5)
(9 2 -0.5)
(9.25 2 -0.5)
(9.5 2 -0.5)
(9.75 2 -0.5)
(10 2 -0.5)
(10.25 2 -0.5)
(10.5 2 -0.5)
(10.75 2 -0.5)
(11 2 -0.5)
(11.25 2 -0.5)
(11.5 2 -0.5)
(11.75 2 -0.5)
(12 2 -0.5)
(12.25 2 -0.5)
(12.5 2 -0.5)
(12.75 2 -0.5)
(13 2 -0.5)
(13.25 2 -0.5)
(13.5 2 -0.5)
(13.75 2 -0.5)
(14 2 -0.5)
(14.25 2 -0.5)
(14.5 2 -0.5)
(14.75 2 -0.5)
(15 2 -0.5)
(3.25 0 0.5)
(3.5 0 0.5)
(3.75 0 0.5)
(4 0 0.5)
(4.25 0 0.5)
(4.5 0 0.5)
(4.75 0 0.5)
(5 0 0.5)
(5.25 0 0.5)
(5.5 0 0.5)
(5.75 0 0.5)
(6 0 0.5)
(6.25 0 0.5)
(6.5 0 0.5)
(6.75 0 0.5)
(7 0 0.5)
(7.25 0 0.5)
(7.5 0 0.5)
(7.75 0 0.5)
(8 0 0.5)
(8.25 0 0.5)
(8.5 0 0.5)
(8.75 0 0.5)
(9 0 0.5)
(9.25 0 0.5)
(9.5 0 0.5)
(9.75 0 0.5)
(10 0 0.5)
(10.25 0 0.5)
(10.5 0 0.5)
(10.75 0 0.5)
(11 0 0.5)
(11.25 0 0.5)
(11.5 0 0.5)
(11.75 0 0.5)
(12 0 0.5)
(12.25 0 0.5)
(12.5 0 0.5)
(12.75 0 0.5)
(13 0 0.5)
(13.25 0 0.5)
(13.5 0 0.5)
(13.75 0 0.5)
(14 0 0.5)
(14.25 0 0.5)
(14.5 0 0.5)
(14.75 0 0.5)
(15 0 0.5)
(3.25 0.25 0.5)
(3.5 0.25 0.5)
(3.75 0.25 0.5)
(4 0.25 0.5)
(4.25 0.25 0.5)
(4.5 0.25 0.5)
(4.75 0.25 0.5)
(5 0.25 0.5)
(5.25 0.25 0.5)
(5.5 0.25 0.5)
(5.75 0.25 0.5)
(6 0.25 0.5)
(6.25 0.25 0.5)
(6.5 0.25 0.5)
(6.75 0.25 0.5)
(7 0.25 0.5)
(7.25 0.25 0.5)
(7.5 0.25 0.5)
(7.75 0.25 0.5)
(8 0.25 0.5)
(8.25 0.25 0.5)
(8.5 0.25 0.5)
(8.75 0.25 0.5)
(9 0.25 0.5)
(9.25 0.25 0.5)
(9.5 0.25 0.5)
(9.75 0.25 0.5)
(10 0.25 0.5)
(10.25 0.25 0.5)
(10.5 0.25 0.5)
(10.75 0.25 0.5)
(11 0.25 0.5)
(11.25 0.25 0.5)
(11.5 0.25 0.5)
(11.75 0.25 0.5)
(12 0.25 0.5)
(12.25 0.25 0.5)
(12.5 0.25 0.5)
(12.75 0.25 0.5)
(13 0.25 0.5)
(13.25 0.25 0.5)
(13.5 0.25 0.5)
(13.75 0.25 0.5)
(14 0.25 0.5)
(14.25 0.25 0.5)
(14.5 0.25 0.5)
(14.75 0.25 0.5)
(15 0.25 0.5)
(3.25 0.5 0.5)
(3.5 0.5 0.5)
(3.75 0.5 0.5)
(4 0.5 0.5)
(4.25 0.5 0.5)
(4.5 0.5 0.5)
(4.75 0.5 0.5)
(5 0.5 0.5)
(5.25 0.5 0.5)
(5.5 0.5 0.5)
(5.75 0.5 0.5)
(6 0.5 0.5)
(6.25 0.5 0.5)
(6.5 0.5 0.5)
(6.75 0.5 0.5)
(7 0.5 0.5)
(7.25 0.5 0.5)
(7.5 0.5 0.5)
(7.75 0.5 0.5)
(8 0.5 0.5)
(8.25 0.5 0.5)
(8.5 0.5 0.5)
(8.75 0.5 0.5)
(9 0.5 0.5)
(9.25 0.5 0.5)
(9.5 0.5 0.5)
(9.75 0.5 0.5)
(10 0.5 0.5)
(10.25 0.5 0.5)
(10.5 0.5 0.5)
(10.75 0.5 0.5)
(11 0.5 0.5)
(11.25 0.5 0.5)
(11.5 0.5 0.5)
(11.75 0.5 0.5)
(12 0.5 0.5)
(12.25 0.5 0.5)
(12.5 0.5 0.5)
(12.75 0.5 0.5)
(13 0.5 0.5)
(13.25 0.5 0.5)
(13.5 0.5 0.5)
(13.75 0.5 0.5)
(14 0.5 0.5)
(14.25 0.5 0.5)
(14.5 0.5 0.5)
(14.75 0.5 0.5)
(15 0.5 0.5)
(3.25 0.75 0.5)
(3.5 0.75 0.5)
(3.75 0.75 0.5)
(4 0.75 0.5)
(4.25 0.75 0.5)
(4.5 0.75 0.5)
(4.75 0.75 0.5)
(5 0.75 0.5)
(5.25 0.75 0.5)
(5.5 0.75 0.5)
(5.75 0.75 0.5)
(6 0.75 0.5)
(6.25 0.75 0.5)
(6.5 0.75 0.5)
(6.75 0.75 0.5)
(7 0.75 0.5)
(7.25 0.75 0.5)
(7.5 0.75 0.5)
(7.75 0.75 0.5)
(8 0.75 0.5)
(8.25 0.75 0.5)
(8.5 0.75 0.5)
(8.75 0.75 0.5)
(9 0.75 0.5)
(9.25 0.75 0.5)
(9.5 0.75 0.5)
(9.75 0.75 0.5)
(10 0.75 0.5)
(10.25 0.75 0.5)
(10.5 0.75 0.5)
(10.75 0.75 0.5)
(11 0.75 0.5)
(11.25 0.75 0.5)
(11.5 0.75 0.5)
(11.75 0.75 0.5)
(12 0.75 0.5)
(12.25 0.75 0.5)
(12.5 0.75 0.5)
(12.75 0.75 0.5)
(13 0.75 0.5)
(13.25 0.75 0.5)
(13.5 0.75 0.5)
(13.75 0.75 0.5)
(14 0.75 0.5)
(14.25 0.75 0.5)
(14.5 0.75 0.5)
(14.75 0.75 0.5)
(15 0.75 0.5)
(3.25 1 0.5)
(3.5 1 0.5)
(3.75 1 0.5)
(4 1 0.5)
(4.25 1 0.5)
(4.5 1 0.5)
(4.75 1 0.5)
(5 1 0.5)
(5.25 1 0.5)
(5.5 1 0.5)
(5.75 1 0.5)
(6 1 0.5)
(6.25 1 0.5)
(6.5 1 0.5)
(6.75 1 0.5)
(7 1 0.5)
(7.25 1 0.5)
(7.5 1 0.5)
(7.75 1 0.5)
(8 1 0.5)
(8.25 1 0.5)
(8.5 1 0.5)
(8.75 1 0.5)
(9 1 0.5)
(9.25 1 0.5)
(9.5 1 0.5)
(9.75 1 0.5)
(10 1 0.5)
(10.25 1 0.5)
(10.5 1 0.5)
(10.75 1 0.5)
(11 1 0.5)
(11.25 1 0.5)
(11.5 1 0.5)
(11.75 1 0.5)
(12 1 0.5)
(12.25 1 0.5)
(12.5 1 0.5)
(12.75 1 0.5)
(13 1 0.5)
(13.25 1 0.5)
(13.5 1 0.5)
(13.75 1 0.5)
(14 1 0.5)
(14.25 1 0.5)
(14.5 1 0.5)
(14.75 1 0.5)
(15 1 0.5)
(3.25 1.25 0.5)
(3.5 1.25 0.5)
(3.75 1.25 0.5)
(4 1.25 0.5)
(4.25 1.25 0.5)
(4.5 1.25 0.5)
(4.75 1.25 0.5)
(5 1.25 0.5)
(5.25 1.25 0.5)
(5.5 1.25 0.5)
(5.75 1.25 0.5)
(6 1.25 0.5)
(6.25 1.25 0.5)
(6.5 1.25 0.5)
(6.75 1.25 0.5)
(7 1.25 0.5)
(7.25 1.25 0.5)
(7.5 1.25 0.5)
(7.75 1.25 0.5)
(8 1.25 0.5)
(8.25 1.25 0.5)
(8.5 1.25 0.5)
(8.75 1.25 0.5)
(9 1.25 0.5)
(9.25 1.25 0.5)
(9.5 1.25 0.5)
(9.75 1.25 0.5)
(10 1.25 0.5)
(10.25 1.25 0.5)
(10.5 1.25 0.5)
(10.75 1.25 0.5)
(11 1.25 0.5)
(11.25 1.25 0.5)
(11.5 1.25 0.5)
(11.75 1.25 0.5)
(12 1.25 0.5)
(12.25 1.25 0.5)
(12.5 1.25 0.5)
(12.75 1.25 0.5)
(13 1.25 0.5)
(13.25 1.25 0.5)
(13.5 1.25 0.5)
(13.75 1.25 0.5)
(14 1.25 0.5)
(14.25 1.25 0.5)
(14.5 1.25 0.5)
(14.75 1.25 0.5)
(15 1.25 0.5)
(3.25 1.5 0.5)
(3.5 1.5 0.5)
(3.75 1.5 0.5)
(4 1.5 0.5)
(4.25 1.5 0.5)
(4.5 1.5 0.5)
(4.75 1.5 0.5)
(5 1.5 0.5)
(5.25 1.5 0.5)
(5.5 1.5 0.5)
(5.75 1.5 0.5)
(6 1.5 0.5)
(6.25 1.5 0.5)
(6.5 1.5 0.5)
(6.75 1.5 0.5)
(7 1.5 0.5)
(7.25 1.5 0.5)
(7.5 1.5 0.5)
(7.75 1.5 0.5)
(8 1.5 0.5)
(8.25 1.5 0.5)
(8.5 1.5 0.5)
(8.75 1.5 0.5)
(9 1.5 0.5)
(9.25 1.5 0.5)
(9.5 1.5 0.5)
(9.75 1.5 0.5)
(10 1.5 0.5)
(10.25 1.5 0.5)
(10.5 1.5 0.5)
(10.75 1.5 0.5)
(11 1.5 0.5)
(11.25 1.5 0.5)
(11.5 1.5 0.5)
(11.75 1.5 0.5)
(12 1.5 0.5)
(12.25 1.5 0.5)
(12.5 1.5 0.5)
(12.75 1.5 0.5)
(13 1.5 0.5)
(13.25 1.5 0.5)
(13.5 1.5 0.5)
(13.75 1.5 0.5)
(14 1.5 0.5)
(14.25 1.5 0.5)
(14.5 1.5 0.5)
(14.75 1.5 0.5)
(15 1.5 0.5)
(3.25 1.75 0.5)
(3.5 1.75 0.5)
(3.75 1.75 0.5)
(4 1.75 0.5)
(4.25 1.75 0.5)
(4.5 1.75 0.5)
(4.75 1.75 0.5)
(5 1.75 0.5)
(5.25 1.75 0.5)
(5.5 1.75 0.5)
(5.75 1.75 0.5)
(6 1.75 0.5)
(6.25 1.75 0.5)
(6.5 1.75 0.5)
(6.75 1.75 0.5)
(7 1.75 0.5)
(7.25 1.75 0.5)
(7.5 1.75 0.5)
(7.75 1.75 0.5)
(8 1.75 0.5)
(8.25 1.75 0.5)
(8.5 1.75 0.5)
(8.75 1.75 0.5)
(9 1.75 0.5)
(9.25 1.75 0.5)
(9.5 1.75 0.5)
(9.75 1.75 0.5)
(10 1.75 0.5)
(10.25 1.75 0.5)
(10.5 1.75 0.5)
(10.75 1.75 0.5)
(11 1.75 0.5)
(11.25 1.75 0.5)
(11.5 1.75 0.5)
(11.75 1.75 0.5)
(12 1.75 0.5)
(12.25 1.75 0.5)
(12.5 1.75 0.5)
(12.75 1.75 0.5)
(13 1.75 0.5)
(13.25 1.75 0.5)
(13.5 1.75 0.5)
(13.75 1.75 0.5)
(14 1.75 0.5)
(14.25 1.75 0.5)
(14.5 1.75 0.5)
(14.75 1.75 0.5)
(15 1.75 0.5)
(3.25 2 0.5)
(3.5 2 0.5)
(3.75 2 0.5)
(4 2 0.5)
(4.25 2 0.5)
(4.5 2 0.5)
(4.75 2 0.5)
(5 2 0.5)
(5.25 2 0.5)
(5.5 2 0.5)
(5.75 2 0.5)
(6 2 0.5)
(6.25 2 0.5)
(6.5 2 0.5)
(6.75 2 0.5)
(7 2 0.5)
(7.25 2 0.5)
(7.5 2 0.5)
(7.75 2 0.5)
(8 2 0.5)
(8.25 2 0.5)
(8.5 2 0.5)
(8.75 2 0.5)
(9 2 0.5)
(9.25 2 0.5)
(9.5 2 0.5)
(9.75 2 0.5)
(10 2 0.5)
(10.25 2 0.5)
(10.5 2 0.5)
(10.75 2 0.5)
(11 2 0.5)
(11.25 2 0.5)
(11.5 2 0.5)
(11.75 2 0.5)
(12 2 0.5)
(12.25 2 0.5)
(12.5 2 0.5)
(12.75 2 0.5)
(13 2 0.5)
(13.25 2 0.5)
(13.5 2 0.5)
(13.75 2 0.5)
(14 2 0.5)
(14.25 2 0.5)
(14.5 2 0.5)
(14.75 2 0.5)
(15 2 0.5)
(3 2.25 -0.5)
(3.25 2.25 -0.5)
(3.5 2.25 -0.5)
(3.75 2.25 -0.5)
(4 2.25 -0.5)
(4.25 2.25 -0.5)
(4.5 2.25 -0.5)
(4.75 2.25 -0.5)
(5 2.25 -0.5)
(5.25 2.25 -0.5)
(5.5 2.25 -0.5)
(5.75 2.25 -0.5)
(6 2.25 -0.5)
(6.25 2.25 -0.5)
(6.5 2.25 -0.5)
(6.75 2.25 -0.5)
(7 2.25 -0.5)
(7.25 2.25 -0.5)
(7.5 2.25 -0.5)
(7.75 2.25 -0.5)
(8 2.25 -0.5)
(8.25 2.25 -0.5)
(8.5 2.25 -0.5)
(8.75 2.25 -0.5)
(9 2.25 -0.5)
(9.25 2.25 -0.5)
(9.5 2.25 -0.5)
(9.75 2.25 -0.5)
(10 2.25 -0.5)
(10.25 2.25 -0.5)
(10.5 2.25 -0.5)
(10.75 2.25 -0.5)
(11 2.25 -0.5)
(11.25 2.25 -0.5)
(11.5 2.25 -0.5)
(11.75 2.25 -0.5)
(12 2.25 -0.5)
(12.25 2.25 -0.5)
(12.5 2.25 -0.5)
(12.75 2.25 -0.5)
(13 2.25 -0.5)
(13.25 2.25 -0.5)
(13.5 2.25 -0.5)
(13.75 2.25 -0.5)
(14 2.25 -0.5)
(14.25 2.25 -0.5)
(14.5 2.25 -0.5)
(14.75 2.25 -0.5)
(15 2.25 -0.5)
(3 2.5 -0.5)
(3.25 2.5 -0.5)
(3.5 2.5 -0.5)
(3.75 2.5 -0.5)
(4 2.5 -0.5)
(4.25 2.5 -0.5)
(4.5 2.5 -0.5)
(4.75 2.5 -0.5)
(5 2.5 -0.5)
(5.25 2.5 -0.5)
(5.5 2.5 -0.5)
(5.75 2.5 -0.5)
(6 2.5 -0.5)
(6.25 2.5 -0.5)
(6.5 2.5 -0.5)
(6.75 2.5 -0.5)
(7 2.5 -0.5)
(7.25 2.5 -0.5)
(7.5 2.5 -0.5)
(7.75 2.5 -0.5)
(8 2.5 -0.5)
(8.25 2.5 -0.5)
(8.5 2.5 -0.5)
(8.75 2.5 -0.5)
(9 2.5 -0.5)
(9.25 2.5 -0.5)
(9.5 2.5 -0.5)
(9.75 2.5 -0.5)
(10 2.5 -0.5)
(10.25 2.5 -0.5)
(10.5 2.5 -0.5)
(10.75 2.5 -0.5)
(11 2.5 -0.5)
(11.25 2.5 -0.5)
(11.5 2.5 -0.5)
(11.75 2.5 -0.5)
(12 2.5 -0.5)
(12.25 2.5 -0.5)
(12.5 2.5 -0.5)
(12.75 2.5 -0.5)
(13 2.5 -0.5)
(13.25 2.5 -0.5)
(13.5 2.5 -0.5)
(13.75 2.5 -0.5)
(14 2.5 -0.5)
(14.25 2.5 -0.5)
(14.5 2.5 -0.5)
(14.75 2.5 -0.5)
(15 2.5 -0.5)
(3 2.75 -0.5)
(3.25 2.75 -0.5)
(3.5 2.75 -0.5)
(3.75 2.75 -0.5)
(4 2.75 -0.5)
(4.25 2.75 -0.5)
(4.5 2.75 -0.5)
(4.75 2.75 -0.5)
(5 2.75 -0.5)
(5.25 2.75 -0.5)
(5.5 2.75 -0.5)
(5.75 2.75 -0.5)
(6 2.75 -0.5)
(6.25 2.75 -0.5)
(6.5 2.75 -0.5)
(6.75 2.75 -0.5)
(7 2.75 -0.5)
(7.25 2.75 -0.5)
(7.5 2.75 -0.5)
(7.75 2.75 -0.5)
(8 2.75 -0.5)
(8.25 2.75 -0.5)
(8.5 2.75 -0.5)
(8.75 2.75 -0.5)
(9 2.75 -0.5)
(9.25 2.75 -0.5)
(9.5 2.75 -0.5)
(9.75 2.75 -0.5)
(10 2.75 -0.5)
(10.25 2.75 -0.5)
(10.5 2.75 -0.5)
(10.75 2.75 -0.5)
(11 2.75 -0.5)
(11.25 2.75 -0.5)
(11.5 2.75 -0.5)
(11.75 2.75 -0.5)
(12 2.75 -0.5)
(12.25 2.75 -0.5)
(12.5 2.75 -0.5)
(12.75 2.75 -0.5)
(13 2.75 -0.5)
(13.25 2.75 -0.5)
(13.5 2.75 -0.5)
(13.75 2.75 -0.5)
(14 2.75 -0.5)
(14.25 2.75 -0.5)
(14.5 2.75 -0.5)
(14.75 2.75 -0.5)
(15 2.75 -0.5)
(3.25 3 -0.5)
(3.5 3 -0.5)
(3.75 3 -0.5)
(4 3 -0.5)
(4.25 3 -0.5)
(4.5 3 -0.5)
(4.75 3 -0.5)
(5 3 -0.5)
(5.25 3 -0.5)
(5.5 3 -0.5)
(5.75 3 -0.5)
(6 3 -0.5)
(6.25 3 -0.5)
(6.5 3 -0.5)
(6.75 3 -0.5)
(7 3 -0.5)
(7.25 3 -0.5)
(7.5 3 -0.5)
(7.75 3 -0.5)
(8 3 -0.5)
(8.25 3 -0.5)
(8.5 3 -0.5)
(8.75 3 -0.5)
(9 3 -0.5)
(9.25 3 -0.5)
(9.5 3 -0.5)
(9.75 3 -0.5)
(10 3 -0.5)
(10.25 3 -0.5)
(10.5 3 -0.5)
(10.75 3 -0.5)
(11 3 -0.5)
(11.25 3 -0.5)
(11.5 3 -0.5)
(11.75 3 -0.5)
(12 3 -0.5)
(12.25 3 -0.5)
(12.5 3 -0.5)
(12.75 3 -0.5)
(13 3 -0.5)
(13.25 3 -0.5)
(13.5 3 -0.5)
(13.75 3 -0.5)
(14 3 -0.5)
(14.25 3 -0.5)
(14.5 3 -0.5)
(14.75 3 -0.5)
(15 3 -0.5)
(3 2.25 0.5)
(3.25 2.25 0.5)
(3.5 2.25 0.5)
(3.75 2.25 0.5)
(4 2.25 0.5)
(4.25 2.25 0.5)
(4.5 2.25 0.5)
(4.75 2.25 0.5)
(5 2.25 0.5)
(5.25 2.25 0.5)
(5.5 2.25 0.5)
(5.75 2.25 0.5)
(6 2.25 0.5)
(6.25 2.25 0.5)
(6.5 2.25 0.5)
(6.75 2.25 0.5)
(7 2.25 0.5)
(7.25 2.25 0.5)
(7.5 2.25 0.5)
(7.75 2.25 0.5)
(8 2.25 0.5)
(8.25 2.25 0.5)
(8.5 2.25 0.5)
(8.75 2.25 0.5)
(9 2.25 0.5)
(9.25 2.25 0.5)
(9.5 2.25 0.5)
(9.75 2.25 0.5)
(10 2.25 0.5)
(10.25 2.25 0.5)
(10.5 2.25 0.5)
(10.75 2.25 0.5)
(11 2.25 0.5)
(11.25 2.25 0.5)
(11.5 2.25 0.5)
(11.75 2.25 0.5)
(12 2.25 0.5)
(12.25 2.25 0.5)
(12.5 2.25 0.5)
(12.75 2.25 0.5)
(13 2.25 0.5)
(13.25 2.25 0.5)
(13.5 2.25 0.5)
(13.75 2.25 0.5)
(14 2.25 0.5)
(14.25 2.25 0.5)
(14.5 2.25 0.5)
(14.75 2.25 0.5)
(15 2.25 0.5)
(3 2.5 0.5)
(3.25 2.5 0.5)
(3.5 2.5 0.5)
(3.75 2.5 0.5)
(4 2.5 0.5)
(4.25 2.5 0.5)
(4.5 2.5 0.5)
(4.75 2.5 0.5)
(5 2.5 0.5)
(5.25 2.5 0.5)
(5.5 2.5 0.5)
(5.75 2.5 0.5)
(6 2.5 0.5)
(6.25 2.5 0.5)
(6.5 2.5 0.5)
(6.75 2.5 0.5)
(7 2.5 0.5)
(7.25 2.5 0.5)
(7.5 2.5 0.5)
(7.75 2.5 0.5)
(8 2.5 0.5)
(8.25 2.5 0.5)
(8.5 2.5 0.5)
(8.75 2.5 0.5)
(9 2.5 0.5)
(9.25 2.5 0.5)
(9.5 2.5 0.5)
(9.75 2.5 0.5)
(10 2.5 0.5)
(10.25 2.5 0.5)
(10.5 2.5 0.5)
(10.75 2.5 0.5)
(11 2.5 0.5)
(11.25 2.5 0.5)
(11.5 2.5 0.5)
(11.75 2.5 0.5)
(12 2.5 0.5)
(12.25 2.5 0.5)
(12.5 2.5 0.5)
(12.75 2.5 0.5)
(13 2.5 0.5)
(13.25 2.5 0.5)
(13.5 2.5 0.5)
(13.75 2.5 0.5)
(14 2.5 0.5)
(14.25 2.5 0.5)
(14.5 2.5 0.5)
(14.75 2.5 0.5)
(15 2.5 0.5)
(3 2.75 0.5)
(3.25 2.75 0.5)
(3.5 2.75 0.5)
(3.75 2.75 0.5)
(4 2.75 0.5)
(4.25 2.75 0.5)
(4.5 2.75 0.5)
(4.75 2.75 0.5)
(5 2.75 0.5)
(5.25 2.75 0.5)
(5.5 2.75 0.5)
(5.75 2.75 0.5)
(6 2.75 0.5)
(6.25 2.75 0.5)
(6.5 2.75 0.5)
(6.75 2.75 0.5)
(7 2.75 0.5)
(7.25 2.75 0.5)
(7.5 2.75 0.5)
(7.75 2.75 0.5)
(8 2.75 0.5)
(8.25 2.75 0.5)
(8.5 2.75 0.5)
(8.75 2.75 0.5)
(9 2.75 0.5)
(9.25 2.75 0.5)
(9.5 2.75 0.5)
(9.75 2.75 0.5)
(10 2.75 0.5)
(10.25 2.75 0.5)
(10.5 2.75 0.5)
(10.75 2.75 0.5)
(11 2.75 0.5)
(11.25 2.75 0.5)
(11.5 2.75 0.5)
(11.75 2.75 0.5)
(12 2.75 0.5)
(12.25 2.75 0.5)
(12.5 2.75 0.5)
(12.75 2.75 0.5)
(13 2.75 0.5)
(13.25 2.75 0.5)
(13.5 2.75 0.5)
(13.75 2.75 0.5)
(14 2.75 0.5)
(14.25 2.75 0.5)
(14.5 2.75 0.5)
(14.75 2.75 0.5)
(15 2.75 0.5)
(3.25 3 0.5)
(3.5 3 0.5)
(3.75 3 0.5)
(4 3 0.5)
(4.25 3 0.5)
(4.5 3 0.5)
(4.75 3 0.5)
(5 3 0.5)
(5.25 3 0.5)
(5.5 3 0.5)
(5.75 3 0.5)
(6 3 0.5)
(6.25 3 0.5)
(6.5 3 0.5)
(6.75 3 0.5)
(7 3 0.5)
(7.25 3 0.5)
(7.5 3 0.5)
(7.75 3 0.5)
(8 3 0.5)
(8.25 3 0.5)
(8.5 3 0.5)
(8.75 3 0.5)
(9 3 0.5)
(9.25 3 0.5)
(9.5 3 0.5)
(9.75 3 0.5)
(10 3 0.5)
(10.25 3 0.5)
(10.5 3 0.5)
(10.75 3 0.5)
(11 3 0.5)
(11.25 3 0.5)
(11.5 3 0.5)
(11.75 3 0.5)
(12 3 0.5)
(12.25 3 0.5)
(12.5 3 0.5)
(12.75 3 0.5)
(13 3 0.5)
(13.25 3 0.5)
(13.5 3 0.5)
(13.75 3 0.5)
(14 3 0.5)
(14.25 3 0.5)
(14.5 3 0.5)
(14.75 3 0.5)
(15 3 0.5)
(3.25 3.25 -0.5)
(3.5 3.25 -0.5)
(3.75 3.25 -0.5)
(4 3.25 -0.5)
(4.25 3.25 -0.5)
(4.5 3.25 -0.5)
(4.75 3.25 -0.5)
(5 3.25 -0.5)
(5.25 3.25 -0.5)
(5.5 3.25 -0.5)
(5.75 3.25 -0.5)
(6 3.25 -0.5)
(6.25 3.25 -0.5)
(6.5 3.25 -0.5)
(6.75 3.25 -0.5)
(7 3.25 -0.5)
(7.25 3.25 -0.5)
(7.5 3.25 -0.5)
(7.75 3.25 -0.5)
(8 3.25 -0.5)
(8.25 3.25 -0.5)
(8.5 3.25 -0.5)
(8.75 3.25 -0.5)
(9 3.25 -0.5)
(9.25 3.25 -0.5)
(9.5 3.25 -0.5)
(9.75 3.25 -0.5)
(10 3.25 -0.5)
(10.25 3.25 -0.5)
(10.5 3.25 -0.5)
(10.75 3.25 -0.5)
(11 3.25 -0.5)
(11.25 3.25 -0.5)
(11.5 3.25 -0.5)
(11.75 3.25 -0.5)
(12 3.25 -0.5)
(12.25 3.25 -0.5)
(12.5 3.25 -0.5)
(12.75 3.25 -0.5)
(13 3.25 -0.5)
(13.25 3.25 -0.5)
(13.5 3.25 -0.5)
(13.75 3.25 -0.5)
(14 3.25 -0.5)
(14.25 3.25 -0.5)
(14.5 3.25 -0.5)
(14.75 3.25 -0.5)
(15 3.25 -0.5)
(3.25 3.5 -0.5)
(3.5 3.5 -0.5)
(3.75 3.5 -0.5)
(4 3.5 -0.5)
(4.25 3.5 -0.5)
(4.5 3.5 -0.5)
(4.75 3.5 -0.5)
(5 3.5 -0.5)
(5.25 3.5 -0.5)
(5.5 3.5 -0.5)
(5.75 3.5 -0.5)
(6 3.5 -0.5)
(6.25 3.5 -0.5)
(6.5 3.5 -0.5)
(6.75 3.5 -0.5)
(7 3.5 -0.5)
(7.25 3.5 -0.5)
(7.5 3.5 -0.5)
(7.75 3.5 -0.5)
(8 3.5 -0.5)
(8.25 3.5 -0.5)
(8.5 3.5 -0.5)
(8.75 3.5 -0.5)
(9 3.5 -0.5)
(9.25 3.5 -0.5)
(9.5 3.5 -0.5)
(9.75 3.5 -0.5)
(10 3.5 -0.5)
(10.25 3.5 -0.5)
(10.5 3.5 -0.5)
(10.75 3.5 -0.5)
(11 3.5 -0.5)
(11.25 3.5 -0.5)
(11.5 3.5 -0.5)
(11.75 3.5 -0.5)
(12 3.5 -0.5)
(12.25 3.5 -0.5)
(12.5 3.5 -0.5)
(12.75 3.5 -0.5)
(13 3.5 -0.5)
(13.25 3.5 -0.5)
(13.5 3.5 -0.5)
(13.75 3.5 -0.5)
(14 3.5 -0.5)
(14.25 3.5 -0.5)
(14.5 3.5 -0.5)
(14.75 3.5 -0.5)
(15 3.5 -0.5)
(3.25 3.75 -0.5)
(3.5 3.75 -0.5)
(3.75 3.75 -0.5)
(4 3.75 -0.5)
(4.25 3.75 -0.5)
(4.5 3.75 -0.5)
(4.75 3.75 -0.5)
(5 3.75 -0.5)
(5.25 3.75 -0.5)
(5.5 3.75 -0.5)
(5.75 3.75 -0.5)
(6 3.75 -0.5)
(6.25 3.75 -0.5)
(6.5 3.75 -0.5)
(6.75 3.75 -0.5)
(7 3.75 -0.5)
(7.25 3.75 -0.5)
(7.5 3.75 -0.5)
(7.75 3.75 -0.5)
(8 3.75 -0.5)
(8.25 3.75 -0.5)
(8.5 3.75 -0.5)
(8.75 3.75 -0.5)
(9 3.75 -0.5)
(9.25 3.75 -0.5)
(9.5 3.75 -0.5)
(9.75 3.75 -0.5)
(10 3.75 -0.5)
(10.25 3.75 -0.5)
(10.5 3.75 -0.5)
(10.75 3.75 -0.5)
(11 3.75 -0.5)
(11.25 3.75 -0.5)
(11.5 3.75 -0.5)
(11.75 3.75 -0.5)
(12 3.75 -0.5)
(12.25 3.75 -0.5)
(12.5 3.75 -0.5)
(12.75 3.75 -0.5)
(13 3.75 -0.5)
(13.25 3.75 -0.5)
(13.5 3.75 -0.5)
(13.75 3.75 -0.5)
(14 3.75 -0.5)
(14.25 3.75 -0.5)
(14.5 3.75 -0.5)
(14.75 3.75 -0.5)
(15 3.75 -0.5)
(3.25 4 -0.5)
(3.5 4 -0.5)
(3.75 4 -0.5)
(4 4 -0.5)
(4.25 4 -0.5)
(4.5 4 -0.5)
(4.75 4 -0.5)
(5 4 -0.5)
(5.25 4 -0.5)
(5.5 4 -0.5)
(5.75 4 -0.5)
(6 4 -0.5)
(6.25 4 -0.5)
(6.5 4 -0.5)
(6.75 4 -0.5)
(7 4 -0.5)
(7.25 4 -0.5)
(7.5 4 -0.5)
(7.75 4 -0.5)
(8 4 -0.5)
(8.25 4 -0.5)
(8.5 4 -0.5)
(8.75 4 -0.5)
(9 4 -0.5)
(9.25 4 -0.5)
(9.5 4 -0.5)
(9.75 4 -0.5)
(10 4 -0.5)
(10.25 4 -0.5)
(10.5 4 -0.5)
(10.75 4 -0.5)
(11 4 -0.5)
(11.25 4 -0.5)
(11.5 4 -0.5)
(11.75 4 -0.5)
(12 4 -0.5)
(12.25 4 -0.5)
(12.5 4 -0.5)
(12.75 4 -0.5)
(13 4 -0.5)
(13.25 4 -0.5)
(13.5 4 -0.5)
(13.75 4 -0.5)
(14 4 -0.5)
(14.25 4 -0.5)
(14.5 4 -0.5)
(14.75 4 -0.5)
(15 4 -0.5)
(3.25 4.25 -0.5)
(3.5 4.25 -0.5)
(3.75 4.25 -0.5)
(4 4.25 -0.5)
(4.25 4.25 -0.5)
(4.5 4.25 -0.5)
(4.75 4.25 -0.5)
(5 4.25 -0.5)
(5.25 4.25 -0.5)
(5.5 4.25 -0.5)
(5.75 4.25 -0.5)
(6 4.25 -0.5)
(6.25 4.25 -0.5)
(6.5 4.25 -0.5)
(6.75 4.25 -0.5)
(7 4.25 -0.5)
(7.25 4.25 -0.5)
(7.5 4.25 -0.5)
(7.75 4.25 -0.5)
(8 4.25 -0.5)
(8.25 4.25 -0.5)
(8.5 4.25 -0.5)
(8.75 4.25 -0.5)
(9 4.25 -0.5)
(9.25 4.25 -0.5)
(9.5 4.25 -0.5)
(9.75 4.25 -0.5)
(10 4.25 -0.5)
(10.25 4.25 -0.5)
(10.5 4.25 -0.5)
(10.75 4.25 -0.5)
(11 4.25 -0.5)
(11.25 4.25 -0.5)
(11.5 4.25 -0.5)
(11.75 4.25 -0.5)
(12 4.25 -0.5)
(12.25 4.25 -0.5)
(12.5 4.25 -0.5)
(12.75 4.25 -0.5)
(13 4.25 -0.5)
(13.25 4.25 -0.5)
(13.5 4.25 -0.5)
(13.75 4.25 -0.5)
(14 4.25 -0.5)
(14.25 4.25 -0.5)
(14.5 4.25 -0.5)
(14.75 4.25 -0.5)
(15 4.25 -0.5)
(3.25 4.5 -0.5)
(3.5 4.5 -0.5)
(3.75 4.5 -0.5)
(4 4.5 -0.5)
(4.25 4.5 -0.5)
(4.5 4.5 -0.5)
(4.75 4.5 -0.5)
(5 4.5 -0.5)
(5.25 4.5 -0.5)
(5.5 4.5 -0.5)
(5.75 4.5 -0.5)
(6 4.5 -0.5)
(6.25 4.5 -0.5)
(6.5 4.5 -0.5)
(6.75 4.5 -0.5)
(7 4.5 -0.5)
(7.25 4.5 -0.5)
(7.5 4.5 -0.5)
(7.75 4.5 -0.5)
(8 4.5 -0.5)
(8.25 4.5 -0.5)
(8.5 4.5 -0.5)
(8.75 4.5 -0.5)
(9 4.5 -0.5)
(9.25 4.5 -0.5)
(9.5 4.5 -0.5)
(9.75 4.5 -0.5)
(10 4.5 -0.5)
(10.25 4.5 -0.5)
(10.5 4.5 -0.5)
(10.75 4.5 -0.5)
(11 4.5 -0.5)
(11.25 4.5 -0.5)
(11.5 4.5 -0.5)
(11.75 4.5 -0.5)
(12 4.5 -0.5)
(12.25 4.5 -0.5)
(12.5 4.5 -0.5)
(12.75 4.5 -0.5)
(13 4.5 -0.5)
(13.25 4.5 -0.5)
(13.5 4.5 -0.5)
(13.75 4.5 -0.5)
(14 4.5 -0.5)
(14.25 4.5 -0.5)
(14.5 4.5 -0.5)
(14.75 4.5 -0.5)
(15 4.5 -0.5)
(3.25 4.75 -0.5)
(3.5 4.75 -0.5)
(3.75 4.75 -0.5)
(4 4.75 -0.5)
(4.25 4.75 -0.5)
(4.5 4.75 -0.5)
(4.75 4.75 -0.5)
(5 4.75 -0.5)
(5.25 4.75 -0.5)
(5.5 4.75 -0.5)
(5.75 4.75 -0.5)
(6 4.75 -0.5)
(6.25 4.75 -0.5)
(6.5 4.75 -0.5)
(6.75 4.75 -0.5)
(7 4.75 -0.5)
(7.25 4.75 -0.5)
(7.5 4.75 -0.5)
(7.75 4.75 -0.5)
(8 4.75 -0.5)
(8.25 4.75 -0.5)
(8.5 4.75 -0.5)
(8.75 4.75 -0.5)
(9 4.75 -0.5)
(9.25 4.75 -0.5)
(9.5 4.75 -0.5)
(9.75 4.75 -0.5)
(10 4.75 -0.5)
(10.25 4.75 -0.5)
(10.5 4.75 -0.5)
(10.75 4.75 -0.5)
(11 4.75 -0.5)
(11.25 4.75 -0.5)
(11.5 4.75 -0.5)
(11.75 4.75 -0.5)
(12 4.75 -0.5)
(12.25 4.75 -0.5)
(12.5 4.75 -0.5)
(12.75 4.75 -0.5)
(13 4.75 -0.5)
(13.25 4.75 -0.5)
(13.5 4.75 -0.5)
(13.75 4.75 -0.5)
(14 4.75 -0.5)
(14.25 4.75 -0.5)
(14.5 4.75 -0.5)
(14.75 4.75 -0.5)
(15 4.75 -0.5)
(3.25 5 -0.5)
(3.5 5 -0.5)
(3.75 5 -0.5)
(4 5 -0.5)
(4.25 5 -0.5)
(4.5 5 -0.5)
(4.75 5 -0.5)
(5 5 -0.5)
(5.25 5 -0.5)
(5.5 5 -0.5)
(5.75 5 -0.5)
(6 5 -0.5)
(6.25 5 -0.5)
(6.5 5 -0.5)
(6.75 5 -0.5)
(7 5 -0.5)
(7.25 5 -0.5)
(7.5 5 -0.5)
(7.75 5 -0.5)
(8 5 -0.5)
(8.25 5 -0.5)
(8.5 5 -0.5)
(8.75 5 -0.5)
(9 5 -0.5)
(9.25 5 -0.5)
(9.5 5 -0.5)
(9.75 5 -0.5)
(10 5 -0.5)
(10.25 5 -0.5)
(10.5 5 -0.5)
(10.75 5 -0.5)
(11 5 -0.5)
(11.25 5 -0.5)
(11.5 5 -0.5)
(11.75 5 -0.5)
(12 5 -0.5)
(12.25 5 -0.5)
(12.5 5 -0.5)
(12.75 5 -0.5)
(13 5 -0.5)
(13.25 5 -0.5)
(13.5 5 -0.5)
(13.75 5 -0.5)
(14 5 -0.5)
(14.25 5 -0.5)
(14.5 5 -0.5)
(14.75 5 -0.5)
(15 5 -0.5)
(3.25 3.25 0.5)
(3.5 3.25 0.5)
(3.75 3.25 0.5)
(4 3.25 0.5)
(4.25 3.25 0.5)
(4.5 3.25 0.5)
(4.75 3.25 0.5)
(5 3.25 0.5)
(5.25 3.25 0.5)
(5.5 3.25 0.5)
(5.75 3.25 0.5)
(6 3.25 0.5)
(6.25 3.25 0.5)
(6.5 3.25 0.5)
(6.75 3.25 0.5)
(7 3.25 0.5)
(7.25 3.25 0.5)
(7.5 3.25 0.5)
(7.75 3.25 0.5)
(8 3.25 0.5)
(8.25 3.25 0.5)
(8.5 3.25 0.5)
(8.75 3.25 0.5)
(9 3.25 0.5)
(9.25 3.25 0.5)
(9.5 3.25 0.5)
(9.75 3.25 0.5)
(10 3.25 0.5)
(10.25 3.25 0.5)
(10.5 3.25 0.5)
(10.75 3.25 0.5)
(11 3.25 0.5)
(11.25 3.25 0.5)
(11.5 3.25 0.5)
(11.75 3.25 0.5)
(12 3.25 0.5)
(12.25 3.25 0.5)
(12.5 3.25 0.5)
(12.75 3.25 0.5)
(13 3.25 0.5)
(13.25 3.25 0.5)
(13.5 3.25 0.5)
(13.75 3.25 0.5)
(14 3.25 0.5)
(14.25 3.25 0.5)
(14.5 3.25 0.5)
(14.75 3.25 0.5)
(15 3.25 0.5)
(3.25 3.5 0.5)
(3.5 3.5 0.5)
(3.75 3.5 0.5)
(4 3.5 0.5)
(4.25 3.5 0.5)
(4.5 3.5 0.5)
(4.75 3.5 0.5)
(5 3.5 0.5)
(5.25 3.5 0.5)
(5.5 3.5 0.5)
(5.75 3.5 0.5)
(6 3.5 0.5)
(6.25 3.5 0.5)
(6.5 3.5 0.5)
(6.75 3.5 0.5)
(7 3.5 0.5)
(7.25 3.5 0.5)
(7.5 3.5 0.5)
(7.75 3.5 0.5)
(8 3.5 0.5)
(8.25 3.5 0.5)
(8.5 3.5 0.5)
(8.75 3.5 0.5)
(9 3.5 0.5)
(9.25 3.5 0.5)
(9.5 3.5 0.5)
(9.75 3.5 0.5)
(10 3.5 0.5)
(10.25 3.5 0.5)
(10.5 3.5 0.5)
(10.75 3.5 0.5)
(11 3.5 0.5)
(11.25 3.5 0.5)
(11.5 3.5 0.5)
(11.75 3.5 0.5)
(12 3.5 0.5)
(12.25 3.5 0.5)
(12.5 3.5 0.5)
(12.75 3.5 0.5)
(13 3.5 0.5)
(13.25 3.5 0.5)
(13.5 3.5 0.5)
(13.75 3.5 0.5)
(14 3.5 0.5)
(14.25 3.5 0.5)
(14.5 3.5 0.5)
(14.75 3.5 0.5)
(15 3.5 0.5)
(3.25 3.75 0.5)
(3.5 3.75 0.5)
(3.75 3.75 0.5)
(4 3.75 0.5)
(4.25 3.75 0.5)
(4.5 3.75 0.5)
(4.75 3.75 0.5)
(5 3.75 0.5)
(5.25 3.75 0.5)
(5.5 3.75 0.5)
(5.75 3.75 0.5)
(6 3.75 0.5)
(6.25 3.75 0.5)
(6.5 3.75 0.5)
(6.75 3.75 0.5)
(7 3.75 0.5)
(7.25 3.75 0.5)
(7.5 3.75 0.5)
(7.75 3.75 0.5)
(8 3.75 0.5)
(8.25 3.75 0.5)
(8.5 3.75 0.5)
(8.75 3.75 0.5)
(9 3.75 0.5)
(9.25 3.75 0.5)
(9.5 3.75 0.5)
(9.75 3.75 0.5)
(10 3.75 0.5)
(10.25 3.75 0.5)
(10.5 3.75 0.5)
(10.75 3.75 0.5)
(11 3.75 0.5)
(11.25 3.75 0.5)
(11.5 3.75 0.5)
(11.75 3.75 0.5)
(12 3.75 0.5)
(12.25 3.75 0.5)
(12.5 3.75 0.5)
(12.75 3.75 0.5)
(13 3.75 0.5)
(13.25 3.75 0.5)
(13.5 3.75 0.5)
(13.75 3.75 0.5)
(14 3.75 0.5)
(14.25 3.75 0.5)
(14.5 3.75 0.5)
(14.75 3.75 0.5)
(15 3.75 0.5)
(3.25 4 0.5)
(3.5 4 0.5)
(3.75 4 0.5)
(4 4 0.5)
(4.25 4 0.5)
(4.5 4 0.5)
(4.75 4 0.5)
(5 4 0.5)
(5.25 4 0.5)
(5.5 4 0.5)
(5.75 4 0.5)
(6 4 0.5)
(6.25 4 0.5)
(6.5 4 0.5)
(6.75 4 0.5)
(7 4 0.5)
(7.25 4 0.5)
(7.5 4 0.5)
(7.75 4 0.5)
(8 4 0.5)
(8.25 4 0.5)
(8.5 4 0.5)
(8.75 4 0.5)
(9 4 0.5)
(9.25 4 0.5)
(9.5 4 0.5)
(9.75 4 0.5)
(10 4 0.5)
(10.25 4 0.5)
(10.5 4 0.5)
(10.75 4 0.5)
(11 4 0.5)
(11.25 4 0.5)
(11.5 4 0.5)
(11.75 4 0.5)
(12 4 0.5)
(12.25 4 0.5)
(12.5 4 0.5)
(12.75 4 0.5)
(13 4 0.5)
(13.25 4 0.5)
(13.5 4 0.5)
(13.75 4 0.5)
(14 4 0.5)
(14.25 4 0.5)
(14.5 4 0.5)
(14.75 4 0.5)
(15 4 0.5)
(3.25 4.25 0.5)
(3.5 4.25 0.5)
(3.75 4.25 0.5)
(4 4.25 0.5)
(4.25 4.25 0.5)
(4.5 4.25 0.5)
(4.75 4.25 0.5)
(5 4.25 0.5)
(5.25 4.25 0.5)
(5.5 4.25 0.5)
(5.75 4.25 0.5)
(6 4.25 0.5)
(6.25 4.25 0.5)
(6.5 4.25 0.5)
(6.75 4.25 0.5)
(7 4.25 0.5)
(7.25 4.25 0.5)
(7.5 4.25 0.5)
(7.75 4.25 0.5)
(8 4.25 0.5)
(8.25 4.25 0.5)
(8.5 4.25 0.5)
(8.75 4.25 0.5)
(9 4.25 0.5)
(9.25 4.25 0.5)
(9.5 4.25 0.5)
(9.75 4.25 0.5)
(10 4.25 0.5)
(10.25 4.25 0.5)
(10.5 4.25 0.5)
(10.75 4.25 0.5)
(11 4.25 0.5)
(11.25 4.25 0.5)
(11.5 4.25 0.5)
(11.75 4.25 0.5)
(12 4.25 0.5)
(12.25 4.25 0.5)
(12.5 4.25 0.5)
(12.75 4.25 0.5)
(13 4.25 0.5)
(13.25 4.25 0.5)
(13.5 4.25 0.5)
(13.75 4.25 0.5)
(14 4.25 0.5)
(14.25 4.25 0.5)
(14.5 4.25 0.5)
(14.75 4.25 0.5)
(15 4.25 0.5)
(3.25 4.5 0.5)
(3.5 4.5 0.5)
(3.75 4.5 0.5)
(4 4.5 0.5)
(4.25 4.5 0.5)
(4.5 4.5 0.5)
(4.75 4.5 0.5)
(5 4.5 0.5)
(5.25 4.5 0.5)
(5.5 4.5 0.5)
(5.75 4.5 0.5)
(6 4.5 0.5)
(6.25 4.5 0.5)
(6.5 4.5 0.5)
(6.75 4.5 0.5)
(7 4.5 0.5)
(7.25 4.5 0.5)
(7.5 4.5 0.5)
(7.75 4.5 0.5)
(8 4.5 0.5)
(8.25 4.5 0.5)
(8.5 4.5 0.5)
(8.75 4.5 0.5)
(9 4.5 0.5)
(9.25 4.5 0.5)
(9.5 4.5 0.5)
(9.75 4.5 0.5)
(10 4.5 0.5)
(10.25 4.5 0.5)
(10.5 4.5 0.5)
(10.75 4.5 0.5)
(11 4.5 0.5)
(11.25 4.5 0.5)
(11.5 4.5 0.5)
(11.75 4.5 0.5)
(12 4.5 0.5)
(12.25 4.5 0.5)
(12.5 4.5 0.5)
(12.75 4.5 0.5)
(13 4.5 0.5)
(13.25 4.5 0.5)
(13.5 4.5 0.5)
(13.75 4.5 0.5)
(14 4.5 0.5)
(14.25 4.5 0.5)
(14.5 4.5 0.5)
(14.75 4.5 0.5)
(15 4.5 0.5)
(3.25 4.75 0.5)
(3.5 4.75 0.5)
(3.75 4.75 0.5)
(4 4.75 0.5)
(4.25 4.75 0.5)
(4.5 4.75 0.5)
(4.75 4.75 0.5)
(5 4.75 0.5)
(5.25 4.75 0.5)
(5.5 4.75 0.5)
(5.75 4.75 0.5)
(6 4.75 0.5)
(6.25 4.75 0.5)
(6.5 4.75 0.5)
(6.75 4.75 0.5)
(7 4.75 0.5)
(7.25 4.75 0.5)
(7.5 4.75 0.5)
(7.75 4.75 0.5)
(8 4.75 0.5)
(8.25 4.75 0.5)
(8.5 4.75 0.5)
(8.75 4.75 0.5)
(9 4.75 0.5)
(9.25 4.75 0.5)
(9.5 4.75 0.5)
(9.75 4.75 0.5)
(10 4.75 0.5)
(10.25 4.75 0.5)
(10.5 4.75 0.5)
(10.75 4.75 0.5)
(11 4.75 0.5)
(11.25 4.75 0.5)
(11.5 4.75 0.5)
(11.75 4.75 0.5)
(12 4.75 0.5)
(12.25 4.75 0.5)
(12.5 4.75 0.5)
(12.75 4.75 0.5)
(13 4.75 0.5)
(13.25 4.75 0.5)
(13.5 4.75 0.5)
(13.75 4.75 0.5)
(14 4.75 0.5)
(14.25 4.75 0.5)
(14.5 4.75 0.5)
(14.75 4.75 0.5)
(15 4.75 0.5)
(3.25 5 0.5)
(3.5 5 0.5)
(3.75 5 0.5)
(4 5 0.5)
(4.25 5 0.5)
(4.5 5 0.5)
(4.75 5 0.5)
(5 5 0.5)
(5.25 5 0.5)
(5.5 5 0.5)
(5.75 5 0.5)
(6 5 0.5)
(6.25 5 0.5)
(6.5 5 0.5)
(6.75 5 0.5)
(7 5 0.5)
(7.25 5 0.5)
(7.5 5 0.5)
(7.75 5 0.5)
(8 5 0.5)
(8.25 5 0.5)
(8.5 5 0.5)
(8.75 5 0.5)
(9 5 0.5)
(9.25 5 0.5)
(9.5 5 0.5)
(9.75 5 0.5)
(10 5 0.5)
(10.25 5 0.5)
(10.5 5 0.5)
(10.75 5 0.5)
(11 5 0.5)
(11.25 5 0.5)
(11.5 5 0.5)
(11.75 5 0.5)
(12 5 0.5)
(12.25 5 0.5)
(12.5 5 0.5)
(12.75 5 0.5)
(13 5 0.5)
(13.25 5 0.5)
(13.5 5 0.5)
(13.75 5 0.5)
(14 5 0.5)
(14.25 5 0.5)
(14.5 5 0.5)
(14.75 5 0.5)
(15 5 0.5)
)


// ************************************************************************* //
