/*--------------------------------*- C++ -*----------------------------------*\
| =========                 |                                                 |
| \\      /  F ield         | OpenFOAM: The Open Source CFD Toolbox           |
|  \\    /   O peration     | Version:  2206                                  |
|   \\  /    A nd           | Website:  www.openfoam.com                      |
|    \\/     M anipulation  |                                                 |
\*---------------------------------------------------------------------------*/
FoamFile
{
    version     2.0;
    format      ascii;
    arch        "LSB;label=32;scalar=64";
    class       surfaceScalarField;
    location    "0.76";
    object      phi;
}
// * * * * * * * * * * * * * * * * * * * * * * * * * * * * * * * * * * * * * //

dimensions      [0 3 -1 0 0 0 0];

oriented        oriented;

internalField   nonuniform List<scalar> 
9296
(
0.125013
-1.26112e-05
0.125121
-0.00010827
0.12537
-0.000249043
0.125793
-0.000423129
0.126452
-0.000658891
0.127412
-0.000960141
0.128692
-0.00127991
0.13025
-0.00155795
0.132005
-0.00175461
0.133866
-0.00186182
0.135761
-0.00189425
0.137633
-0.00187265
0.139445
-0.00181194
0.141163
-0.00171814
0.142754
-0.00159108
-0.00142868
0.144183
0.125099
-0.000111426
0.125355
-0.000364815
0.12577
-0.000663585
0.126372
-0.00102496
0.127197
-0.0014844
0.128279
-0.00204207
0.129634
-0.00263513
0.131237
-0.00316086
0.133022
-0.00353969
0.134912
-0.00375132
0.136838
-0.00382074
0.138751
-0.00378526
0.14061
-0.00367134
0.142381
-0.00348878
0.144026
-0.00323577
-0.00290715
0.145504
0.125092
-0.000203219
0.125344
-0.000616571
0.125753
-0.00107267
0.12635
-0.00162214
0.127183
-0.00231796
0.128293
-0.00315147
0.129682
-0.00402416
0.131312
-0.00479103
0.133118
-0.00534562
0.135029
-0.00566253
0.136986
-0.00577714
0.138941
-0.00574028
0.140856
-0.00558639
0.142693
-0.00532579
0.144409
-0.00495261
-0.00445717
0.145959
0.125091
-0.000293729
0.125341
-0.000867495
0.125749
-0.00148065
0.126342
-0.00221458
0.12717
-0.00314642
0.12828
-0.00426069
0.129674
-0.0054183
0.131314
-0.00643109
0.133137
-0.00716851
0.135077
-0.00760319
0.137081
-0.00778109
0.139105
-0.00776431
0.141111
-0.00759174
0.143055
-0.00727043
0.144889
-0.00678673
-0.00612329
0.146556
0.125086
-0.000379478
0.125333
-0.00111436
0.125738
-0.00188579
0.126328
-0.00280529
0.127154
-0.00397237
0.128258
-0.00536428
0.129646
-0.00680617
0.131285
-0.00807034
0.133121
-0.00900392
0.135095
-0.0095779
0.137162
-0.00984771
0.139281
-0.00988389
0.141415
-0.00972562
0.143516
-0.00937148
0.145524
-0.00879456
-0.007965
0.147366
0.125081
-0.000460426
0.125319
-0.00135258
0.125715
-0.00228112
0.126294
-0.00338473
0.127107
-0.00478511
0.128195
-0.00645281
0.129569
-0.00817962
0.1312
-0.00970185
0.133044
-0.0108481
0.135057
-0.0115901
0.137201
-0.0119918
0.139445
-0.0121286
0.141754
-0.012034
0.144073
-0.0116905
0.146328
-0.0110495
-0.010061
0.148424
0.125076
-0.000536431
0.125301
-0.00157755
0.125679
-0.00265873
0.126237
-0.00394273
0.127024
-0.00557207
0.128082
-0.0075112
0.129424
-0.00952151
0.131031
-0.0113087
0.132871
-0.0126886
0.134918
-0.0136367
0.137151
-0.0142253
0.139553
-0.0145303
0.14209
-0.0145716
0.144705
-0.0143049
0.147303
-0.0136472
-0.012514
0.149755
0.12507
-0.00060605
0.125277
-0.00178447
0.125627
-0.00300955
0.12615
-0.00446567
0.126893
-0.00631445
0.127897
-0.00851547
0.12918
-0.0108044
0.130735
-0.0128634
0.132549
-0.0145026
0.134618
-0.0157061
0.136947
-0.0165547
0.139537
-0.0171202
0.142366
-0.0174007
0.145374
-0.0173124
0.148444
-0.0167174
-0.0154707
0.151401
0.125061
-0.000667155
0.125243
-0.00196662
0.125555
-0.00332132
0.126024
-0.00493513
0.126697
-0.00698663
0.127614
-0.00943259
0.128799
-0.0119897
0.130261
-0.0143256
0.132013
-0.016254
0.134081
-0.017774
0.136502
-0.0189762
0.139308
-0.019926
0.142496
-0.0205893
0.146013
-0.0208287
0.149723
-0.0204273
-0.0191438
0.153396
0.12505
-0.000716824
0.125198
-0.00211508
0.125455
-0.00357852
0.125848
-0.00532765
0.126417
-0.00755548
0.127203
-0.010219
0.128239
-0.0130251
0.129552
-0.015639
0.131186
-0.0178881
0.133207
-0.0197949
0.135697
-0.021466
0.138735
-0.0229645
0.14236
-0.0242145
0.146542
-0.0250105
0.151116
-0.0250008
-0.023806
0.155778
0.125035
-0.000751484
0.125139
-0.00221917
0.125323
-0.00376252
0.12561
-0.00561482
0.126035
-0.00798022
0.126636
-0.0108202
0.127455
-0.013844
0.128544
-0.0167277
0.129979
-0.0193239
0.131873
-0.0216881
0.134362
-0.0239559
0.137603
-0.0262051
0.141717
-0.0283291
0.146787
-0.0300796
0.152611
-0.0308251
-0.0299375
0.158742
0.125016
-0.000767169
0.125064
-0.002267
0.125153
-0.00385248
0.125303
-0.0057644
0.125537
-0.00821394
0.125889
-0.0111721
0.126409
-0.0143643
0.127174
-0.0174925
0.128296
-0.0204466
0.129935
-0.0233271
0.132298
-0.0263182
0.135624
-0.0295313
0.14016
-0.0328656
0.146239
-0.0361584
0.153674
-0.0382599
-0.0386544
0.162391
0.124993
-0.000759873
0.124972
-0.00224652
0.124947
-0.00382703
0.124925
-0.00574298
0.124919
-0.00820713
0.124951
-0.0112043
0.125076
-0.0144895
0.125389
-0.0178051
0.126035
-0.0210931
0.127229
-0.0245209
0.129269
-0.0283579
0.132532
-0.0327946
0.137435
-0.0377683
0.144578
-0.0433023
0.153599
-0.0472801
-0.0526562
0.1676
0.124966
-0.000726022
0.124867
-0.00214706
0.124707
-0.00366717
0.124484
-0.00552034
0.124191
-0.0079138
0.123834
-0.0108479
0.123461
-0.014116
0.123168
-0.0175116
0.123112
-0.0210375
0.123545
-0.0249542
0.124854
-0.0296671
0.127689
-0.0356295
0.132876
-0.0429546
0.141762
-0.0521888
0.153946
-0.0594638
-0.0769156
0.178205
0.124937
-0.000663008
0.124751
-0.00196126
0.124444
-0.00335997
0.123999
-0.00507534
0.123385
-0.00730011
0.122586
-0.0100481
0.121623
-0.013154
0.120574
-0.0164625
0.119566
-0.020029
0.118806
-0.0241944
0.118624
-0.0294852
0.11975
-0.0367552
0.12339
-0.0465947
0.132846
-0.0616443
0.151008
-0.0776262
-0.113524
0.187616
0.124907
-0.000569775
0.124633
-0.00168725
0.124175
-0.00290263
0.123502
-0.00440213
0.122556
-0.00635386
0.121288
-0.0087802
0.119689
-0.0115544
0.117791
-0.014565
0.115658
-0.017896
0.113369
-0.0219052
0.111022
-0.0271383
0.108792
-0.034525
0.107058
-0.0448608
0.107517
-0.0621037
0.116305
-0.0864137
-0.154333
0.157114
0.124878
-0.000447715
0.124522
-0.00133138
0.123925
-0.00230606
0.123038
-0.00351468
0.121776
-0.00509157
0.120057
-0.00706126
0.117833
-0.00933092
0.115091
-0.0118226
0.111818
-0.0146228
0.107952
-0.0180399
0.103361
-0.0225473
0.0976535
-0.0288171
0.0902699
-0.0374773
0.0782443
-0.0500781
0.0578177
-0.0659871
-0.0965151
0.124855
-0.00030277
0.124436
-0.000912489
0.123727
-0.00159732
0.122661
-0.00244812
0.121129
-0.00355967
0.11902
-0.00495252
0.116253
-0.006564
0.112774
-0.0083428
0.108507
-0.0103564
0.103292
-0.0128244
0.0968247
-0.0160803
0.0885281
-0.0205205
0.0776295
-0.0265787
0.0621999
-0.0346484
0.0412066
-0.0449938
-0.0553086
0.124848
-0.000150734
0.124396
-0.000460842
0.123614
-0.000814801
0.122421
-0.00125492
0.120692
-0.00183084
0.118293
-0.00255407
0.115121
-0.00339184
0.111096
-0.00431763
0.106107
-0.00536773
0.0999384
-0.00665558
0.092209
-0.00835083
0.082318
-0.0106296
0.069418
-0.0136787
0.052209
-0.0174394
0.0292283
-0.0220131
-0.0260802
0.124849
1.00514e-07
0.124388
1.71968e-07
0.123573
2.04246e-07
0.122318
3.15186e-09
0.120488
-5.14709e-07
0.117935
-1.09779e-06
0.114544
-1.29365e-06
0.110228
-8.59097e-07
0.10486
3.59142e-08
0.0982033
9.95945e-07
0.0898507
1.72081e-06
0.079219
2.15246e-06
0.0655379
2.38299e-06
0.048096
2.54801e-06
0.0260801
2.76652e-06
-1.01209e-07
0.124849
0.000150944
0.124388
0.000461193
0.123573
0.000815199
0.122318
0.00125489
0.120488
0.00182977
0.117935
0.00255183
0.114545
0.00338923
0.110228
0.0043159
0.10486
0.00536779
0.0982035
0.00665755
0.0898509
0.00835425
0.0792192
0.0106338
0.0655382
0.0136834
0.0480963
0.0174445
0.0260804
0.0220187
0.0260803
0.124848
0.000303003
0.124396
0.000912861
0.123614
0.00159771
0.122421
0.00244803
0.120692
0.00355851
0.118294
0.00495021
0.115121
0.00656133
0.111096
0.00834101
0.106108
0.0103564
0.0999389
0.0128263
0.0922095
0.0160836
0.0823187
0.0205247
0.0694187
0.0265834
0.0522098
0.0346534
0.0292291
0.0449994
0.0553094
0.124855
0.000447961
0.124436
0.00133177
0.123727
0.00230645
0.122661
0.00351457
0.121129
0.00509035
0.11902
0.00705887
0.116254
0.00932815
0.112774
0.0118206
0.108508
0.0146226
0.103292
0.0180416
0.0968257
0.0225504
0.0885292
0.0288211
0.0776308
0.0374818
0.0622013
0.0500829
0.0412079
0.0659928
0.0965173
0.124878
0.000570027
0.124522
0.00168766
0.123925
0.00290304
0.123038
0.00440202
0.121776
0.00635261
0.120057
0.00877774
0.117834
0.0115515
0.115091
0.0145629
0.111818
0.0178956
0.107953
0.0219066
0.103363
0.0271411
0.097655
0.0345287
0.0902717
0.0448651
0.0782464
0.0621082
0.0578199
0.0864193
0.154337
0.124907
0.000663259
0.124633
0.00196167
0.124175
0.00336039
0.123502
0.00507524
0.122556
0.00729884
0.121288
0.0100456
0.119689
0.013151
0.117791
0.0164602
0.115659
0.0200283
0.11337
0.0241955
0.111023
0.0294877
0.108793
0.0367586
0.10706
0.0465985
0.10752
0.0616483
0.116308
0.0776307
0.113527
0.157118
0.124937
0.000726267
0.124751
0.00214747
0.124444
0.00366759
0.123999
0.00552023
0.123385
0.00791253
0.122586
0.0108453
0.121624
0.0141129
0.120575
0.0175091
0.119567
0.0210365
0.118807
0.0249549
0.118626
0.0296691
0.119752
0.0356324
0.123392
0.0429579
0.132849
0.0521922
0.151012
0.0594674
0.0769187
0.18762
0.124966
0.000760109
0.124867
0.00224691
0.124707
0.00382745
0.124484
0.00574288
0.124191
0.00820586
0.123834
0.0112017
0.123461
0.0144863
0.123168
0.0178024
0.123112
0.0210918
0.123546
0.0245213
0.124856
0.0283596
0.127691
0.032797
0.132878
0.0377712
0.141765
0.0433051
0.153949
0.0472829
0.0526586
0.178209
0.124993
0.000767393
0.124972
0.00226737
0.124947
0.00385288
0.124925
0.0057643
0.124919
0.00821268
0.124951
0.0111695
0.125076
0.0143611
0.125389
0.0174897
0.126035
0.0204451
0.12723
0.0233271
0.12927
0.0263195
0.132533
0.0295334
0.137436
0.0328681
0.144581
0.0361609
0.153601
0.0382622
0.0386562
0.167604
0.125016
0.000751694
0.125064
0.00221952
0.125154
0.0037629
0.125303
0.00561471
0.125537
0.00797898
0.125889
0.0108177
0.126409
0.0138409
0.127174
0.0167249
0.128297
0.0193222
0.129936
0.0216879
0.132299
0.0239569
0.135625
0.0262069
0.140162
0.0283313
0.146241
0.0300818
0.153676
0.030827
0.0299391
0.162393
0.125035
0.000717018
0.125139
0.00211541
0.125323
0.00357886
0.12561
0.00532752
0.126035
0.00755427
0.126636
0.0102166
0.127455
0.013022
0.128543
0.0156361
0.129979
0.0178863
0.131873
0.0197945
0.134363
0.0214668
0.137604
0.0229661
0.141718
0.0242165
0.146788
0.0250125
0.152612
0.0250026
0.0238075
0.158744
0.12505
0.000667331
0.125198
0.00196692
0.125455
0.00332163
0.125848
0.00493497
0.126417
0.00698545
0.127203
0.00943023
0.128238
0.0119866
0.129552
0.0143228
0.131186
0.0162522
0.133207
0.0177734
0.135697
0.0189769
0.138736
0.0199274
0.142361
0.0205911
0.146543
0.0208305
0.151116
0.020429
0.0191452
0.155779
0.125061
0.000606207
0.125243
0.00178474
0.125555
0.00300981
0.126025
0.0044655
0.126697
0.00631331
0.127614
0.00851321
0.128799
0.0108015
0.130261
0.0128607
0.132012
0.0145008
0.13408
0.0157055
0.136502
0.0165552
0.139308
0.0171215
0.142497
0.0174024
0.146013
0.0173141
0.149723
0.0167191
0.0154722
0.153396
0.12507
0.000536568
0.125277
0.00157778
0.125627
0.00265895
0.12615
0.00394254
0.126893
0.00557099
0.127897
0.00750909
0.12918
0.00951879
0.130734
0.0113061
0.132548
0.0126868
0.134618
0.0136361
0.136947
0.0142258
0.139537
0.0145315
0.142366
0.0145732
0.145374
0.0143066
0.148444
0.0136488
0.0125154
0.151401
0.125076
0.000460541
0.125301
0.00135278
0.125679
0.00228128
0.126237
0.00338453
0.127024
0.0047841
0.128082
0.00645088
0.129423
0.00817714
0.13103
0.00969952
0.13287
0.0108466
0.134917
0.0115895
0.13715
0.0119922
0.139552
0.0121298
0.14209
0.0120355
0.144704
0.0116921
0.147302
0.0110511
0.0100624
0.149755
0.125081
0.000379572
0.125319
0.00111452
0.125715
0.00188591
0.126294
0.00280509
0.127107
0.00397147
0.128195
0.00536257
0.129568
0.00680398
0.131199
0.00806829
0.133043
0.00900255
0.135055
0.00957746
0.1372
0.00984814
0.139444
0.00988493
0.141753
0.00972699
0.144072
0.00937295
0.146327
0.00879599
0.00796632
0.148423
0.125086
0.0002938
0.125333
0.00086761
0.125738
0.00148074
0.126329
0.00221441
0.127154
0.00314567
0.128258
0.00425926
0.129645
0.00541647
0.131284
0.00642937
0.133119
0.00716738
0.135094
0.00760286
0.13716
0.00778151
0.13928
0.00776525
0.141414
0.00759298
0.143515
0.00727176
0.145523
0.00678805
0.00612453
0.147365
0.125091
0.000203268
0.125341
0.000616649
0.12575
0.00107273
0.126342
0.00162201
0.12717
0.00231739
0.128279
0.00315039
0.129673
0.00402274
0.131312
0.0047897
0.133135
0.00534475
0.135076
0.0056623
0.13708
0.00577752
0.139104
0.00574111
0.141109
0.00558747
0.143054
0.00532696
0.144888
0.00495378
0.00445831
0.146555
0.125092
0.000111457
0.125344
0.000364864
0.125753
0.000663631
0.12635
0.00102489
0.127183
0.00148406
0.128292
0.00204136
0.129681
0.00263417
0.131311
0.00315994
0.133116
0.00353909
0.135027
0.00375118
0.136984
0.00382107
0.138939
0.00378592
0.140854
0.00367221
0.142691
0.00348974
0.144408
0.00323675
0.00290812
0.145959
0.125099
1.26299e-05
0.125355
0.000108304
0.12577
0.000249095
0.126372
0.000423134
0.127197
0.000658745
0.128279
0.000959797
0.129633
0.00127944
0.131236
0.00155749
0.133021
0.00175431
0.13491
0.00186177
0.136837
0.00189445
0.138749
0.00187306
0.140609
0.0018125
0.14238
0.00171876
0.144025
0.00159174
0.00142933
0.145504
0.125013
0.125121
0.12537
0.125793
0.126452
0.127412
0.128691
0.130249
0.132003
0.133865
0.135759
0.137632
0.139445
0.141163
0.142755
0.144185
0.145413
-0.00122961
0.14641
-0.000996998
0.147139
-0.000729346
0.147569
-0.000429512
0.147664
-9.51865e-05
0.147339
0.000324507
0.146601
0.000737794
0.00109576
0.145506
0.146774
-0.00249936
0.147795
-0.00201807
0.148548
-0.00148254
0.149032
-0.000913283
0.149269
-0.000332367
0.149348
0.000246057
0.149284
0.000801315
0.00132443
0.149055
0.147296
-0.00383564
0.148374
-0.00309586
0.149154
-0.00226307
0.149612
-0.00137129
0.149744
-0.000463953
0.149576
0.000413674
0.149147
0.00123075
0.00197217
0.148499
0.147993
-0.00527308
0.149145
-0.00424804
0.149965
-0.00308326
0.150428
-0.00183402
0.150533
-0.000568435
0.150299
0.000647684
0.14976
0.0017695
0.00277266
0.148959
0.148963
-0.00686974
0.15024
-0.00552582
0.151143
-0.00398551
0.15164
-0.00233141
0.151731
-0.000659209
0.151439
0.000939479
0.150802
0.00240644
0.0037075
0.149867
0.150254
-0.00870012
0.151716
-0.00698766
0.15273
-0.00499965
0.153259
-0.00285979
0.153306
-0.000706766
0.152912
0.00133335
0.152131
0.003188
0.00481659
0.151022
0.151915
-0.0108595
0.153633
-0.00870537
0.154793
-0.00616016
0.155346
-0.00341276
0.155311
-0.000672119
0.154762
0.00188246
0.153778
0.00417217
0.00615682
0.152438
0.154024
-0.0134825
0.156088
-0.010769
0.157427
-0.00749932
0.157991
-0.00397656
0.157823
-0.0005042
0.157048
0.00265673
0.155784
0.00543609
0.00779952
0.154142
0.156704
-0.0167909
0.159261
-0.013326
0.160801
-0.00903957
0.161301
-0.0044765
0.160912
-0.000114409
0.159811
0.00375768
0.158182
0.00706517
0.0098201
0.156161
0.160063
-0.0210756
0.163315
-0.0165786
0.16512
-0.0108443
0.165491
-0.00484741
0.1647
0.00067619
0.163084
0.00537403
0.16095
0.00919922
0.0122868
0.158483
0.164364
-0.0266974
0.168385
-0.020599
0.170362
-0.0128221
0.170508
-0.00499256
0.169204
0.0019794
0.166914
0.00766478
0.164117
0.0119953
0.0152993
0.161105
0.170564
-0.0348705
0.175941
-0.0259758
0.178063
-0.0149444
0.177316
-0.00424506
0.174716
0.00457903
0.171171
0.0112101
0.167552
0.0156138
0.0187793
0.164072
0.181894
-0.049164
0.190781
-0.0348634
0.194304
-0.0184666
0.19214
-0.00208143
0.186356
0.0103629
0.179179
0.0183878
0.172773
0.0220194
0.0238137
0.167738
0.200792
-0.0717505
0.211681
-0.0457524
0.213763
-0.0205489
0.211316
0.000365608
0.203
0.018679
0.193706
0.0276818
0.184882
0.0308437
0.0311602
0.177535
0.194694
-0.078828
0.190928
-0.0419866
0.184908
-0.0145295
0.178617
0.00665696
0.176011
0.0212852
0.175761
0.0279314
0.176785
0.0298195
0.0298299
0.178116
0.0782858
0.0362993
0.0217698
0.0284268
0.049712
0.0776434
0.107463
0.137293
0.0782889
0.0788295
0.036302
0.0419868
0.0217732
0.0145289
0.0284308
-0.00665765
0.0497162
-0.0212854
0.0776469
-0.0279308
0.107465
-0.0298184
-0.0298298
0.137295
0.194698
0.0717523
0.190931
0.0457529
0.184912
0.0205485
0.17862
-0.000365975
0.176013
-0.0186787
0.175764
-0.0276812
0.176789
-0.0308435
-0.0311615
0.178121
0.200796
0.0491657
0.211685
0.0348641
0.213767
0.0184666
0.21132
0.00208101
0.203004
-0.0103631
0.193711
-0.018388
0.184888
-0.0220204
-0.0238156
0.177542
0.181897
0.0348718
0.190785
0.0259764
0.194307
0.0149446
0.192143
0.00424486
0.18636
-0.00457934
0.179182
-0.0112106
0.172776
-0.0156147
-0.0187807
0.167741
0.170567
0.0266985
0.175943
0.0205997
0.178065
0.0128224
0.177318
0.00499261
0.174718
-0.00197954
0.171172
-0.00766512
0.167554
-0.011996
-0.0153002
0.164073
0.164366
0.0210767
0.168386
0.0165794
0.170364
0.0108448
0.170508
0.00484767
0.169205
-0.000676117
0.166914
-0.00537412
0.164118
-0.00919951
-0.0122873
0.161105
0.160063
0.0167921
0.163316
0.0133269
0.16512
0.00904021
0.165491
0.00447695
0.1647
0.000114684
0.163084
-0.00375755
0.160949
-0.00706521
-0.00982029
0.158483
0.156704
0.0134837
0.159261
0.01077
0.160801
0.00750008
0.161301
0.00397716
0.160911
0.000504698
0.15981
-0.00265642
0.158181
-0.0054359
-0.00779947
0.15616
0.154024
0.0108607
0.156087
0.00870641
0.157426
0.00616102
0.15799
0.00341348
0.157822
0.000672741
0.157048
-0.00188198
0.155784
-0.0041718
-0.00615656
0.154141
0.151914
0.00870134
0.153632
0.00698873
0.154793
0.00500059
0.155345
0.00286061
0.155311
0.000707479
0.154761
-0.00133273
0.153777
-0.00318748
-0.00481617
0.152437
0.150254
0.00687094
0.151715
0.0055269
0.152729
0.00398648
0.153258
0.00233229
0.153305
0.000660007
0.152911
-0.000938757
0.15213
-0.00240579
-0.00370693
0.15102
0.148962
0.00527424
0.15024
0.00424911
0.151142
0.00308426
0.151639
0.00183495
0.15173
0.000569293
0.151438
-0.000646886
0.150801
-0.00176876
-0.00277197
0.149866
0.147992
0.00383673
0.149144
0.00309689
0.149965
0.00226407
0.150427
0.00137225
0.150532
0.000464858
0.150298
-0.000412826
0.149759
-0.00122994
-0.00197141
0.148958
0.147295
0.00250031
0.148373
0.00201899
0.149154
0.00148344
0.149612
0.000914159
0.149743
0.000333231
0.149576
-0.000245219
0.149146
-0.000800464
-0.00132361
0.148498
0.146774
0.00123027
0.147795
0.000997667
0.148549
0.00073004
0.149033
0.000430247
0.14927
9.59457e-05
0.149348
-0.000323447
0.149284
-0.00073681
-0.00109495
0.149056
0.145415
0.146412
0.147143
0.147573
0.147669
0.147345
0.146608
0.145514
0.144134
0.00137174
0.142577
0.00155712
0.140921
0.00165543
0.139243
0.00167793
0.137602
0.00164147
0.13604
0.00156214
0.134586
0.0014534
0.133259
0.00132718
0.132065
0.00119453
0.131
0.00106439
0.130059
0.000941797
0.12923
0.000828973
0.128503
0.000726495
0.127869
0.000634241
0.127317
0.000551695
0.126839
0.00047815
0.126426
0.000412885
0.126071
0.000355234
0.125766
0.000304625
0.125506
0.000260585
0.125283
0.00022293
0.12509
0.000192625
0.124923
0.000167607
0.124778
0.000144919
0.124653
0.000125069
0.124544
0.000108532
0.124449
9.47004e-05
0.124367
8.2321e-05
0.124296
7.05908e-05
0.124237
5.94635e-05
0.124188
4.92759e-05
0.124147
4.03416e-05
0.124115
3.27862e-05
0.124088
2.65518e-05
0.124066
2.14677e-05
0.124049
1.73278e-05
0.124035
1.39437e-05
0.124024
1.11628e-05
0.124015
8.86685e-06
0.124008
6.96504e-06
0.124003
5.38644e-06
0.123999
4.07467e-06
0.123996
2.98429e-06
0.123994
2.0786e-06
0.123992
1.32862e-06
0.123992
7.13765e-07
0.123991
2.27603e-07
0.123992
-1.28244e-07
0.123992
-4.50066e-07
0.123993
-6.70944e-07
0.123994
-8.45061e-07
0.123995
-9.94001e-07
0.123996
-1.12716e-06
0.123997
-1.25329e-06
0.123998
-1.37943e-06
0.124
-1.50558e-06
0.124001
-1.62957e-06
0.124003
-1.74994e-06
0.124005
-1.86436e-06
0.124007
-1.97078e-06
0.124009
-2.06891e-06
0.124011
-2.1592e-06
0.124013
-2.24256e-06
0.124016
-2.3201e-06
0.124018
-2.39273e-06
0.124021
-2.46102e-06
0.124023
-2.52515e-06
0.124026
-2.58491e-06
0.124028
-2.63979e-06
0.124031
-2.68902e-06
0.124034
-2.73165e-06
0.124037
-2.76668e-06
0.124039
-2.79314e-06
0.124042
-2.81022e-06
0.124045
-2.81731e-06
0.124048
-2.81398e-06
0.124051
-2.79981e-06
0.124053
-2.77401e-06
0.124056
-2.73473e-06
0.124059
-2.67806e-06
0.124061
-2.59663e-06
0.124064
-2.47704e-06
0.124066
-2.29815e-06
0.124068
-2.02892e-06
0.12407
-1.62141e-06
0.124071
-9.65448e-07
0.124071
4.84326e-08
0.124069
1.30899e-06
0.124067
2.2676e-06
0.124064
2.86064e-06
0.124061
2.90604e-06
0.124059
2.38459e-06
0.124058
1.49093e-06
0.124058
-3.21503e-07
0.124062
-3.91471e-06
-1.2079e-05
0.148639
0.00178832
0.14802
0.00217572
0.147199
0.00247664
0.14619
0.00268744
0.14502
0.00281065
0.143729
0.00285395
0.142353
0.0028293
0.140929
0.0027508
0.139493
0.00263035
0.13808
0.00247759
0.136719
0.00230294
0.135431
0.00211656
0.134231
0.00192656
0.133126
0.00173905
0.13212
0.00155841
0.13121
0.00138761
0.130395
0.00122845
0.129668
0.00108184
0.129025
0.000948036
0.128458
0.000826789
0.127964
0.000717598
0.127535
0.000621084
0.127168
0.000535322
0.126854
0.000458457
0.126586
0.000393626
0.126354
0.000339969
0.126154
0.000294905
0.12598
0.000255955
0.12583
0.000221189
0.125699
0.000189631
0.125588
0.000161108
0.125492
0.000135731
0.125411
0.000113596
0.125343
9.46513e-05
0.125286
7.86743e-05
0.125238
6.53226e-05
0.125198
5.42097e-05
0.125164
4.49649e-05
0.125136
3.72629e-05
0.125112
3.08322e-05
0.125092
2.54514e-05
0.125075
2.0941e-05
0.125061
1.71553e-05
0.125049
1.39755e-05
0.125039
1.13038e-05
0.12503
9.05942e-06
0.125024
7.17357e-06
0.125018
5.58448e-06
0.125013
4.23816e-06
0.125009
3.12173e-06
0.125006
2.19349e-06
0.125004
1.41774e-06
0.125002
7.66855e-07
0.125001
2.19773e-07
0.124999
-2.49955e-07
0.124999
-6.52776e-07
0.124998
-9.98044e-07
0.124997
-1.30076e-06
0.124997
-1.56301e-06
0.124997
-1.79149e-06
0.124997
-1.99174e-06
0.124997
-2.16805e-06
0.124997
-2.32419e-06
0.124997
-2.46335e-06
0.124997
-2.5881e-06
0.124998
-2.70039e-06
0.124998
-2.80154e-06
0.124998
-2.89237e-06
0.124998
-2.97322e-06
0.124999
-3.04406e-06
0.124999
-3.10457e-06
0.125
-3.15428e-06
0.125
-3.19264e-06
0.125
-3.21912e-06
0.125001
-3.23322e-06
0.125001
-3.23441e-06
0.125002
-3.22191e-06
0.125002
-3.19427e-06
0.125003
-3.14882e-06
0.125003
-3.08072e-06
0.125003
-2.98219e-06
0.125004
-2.84166e-06
0.125004
-2.6439e-06
0.125004
-2.37214e-06
0.125005
-2.00953e-06
0.125005
-1.53851e-06
0.125006
-9.42309e-07
0.125008
-1.71862e-07
0.12501
4.96809e-07
0.125011
1.14843e-06
0.125013
1.50914e-06
0.125014
1.28273e-06
0.125015
2.13105e-07
0.125017
-2.05108e-06
0.12502
-6.67341e-06
-1.49621e-05
0.147663
0.00262457
0.146662
0.00317587
0.145523
0.00361628
0.14427
0.00393991
0.142935
0.00414627
0.141548
0.00424103
0.140141
0.0042357
0.138747
0.00414539
0.137391
0.00398601
0.136095
0.00377339
0.134875
0.00352341
0.13374
0.00325079
0.132699
0.00296819
0.131752
0.00268575
0.130899
0.00241109
0.130137
0.00214965
0.129461
0.00190494
0.128864
0.00167888
0.12834
0.0014722
0.127882
0.00128458
0.127485
0.00111431
0.127146
0.0009607
0.126855
0.000825771
0.126604
0.00070932
0.126387
0.000610969
0.126198
0.000528636
0.126034
0.000459259
0.125891
0.000399056
0.125767
0.000345277
0.12566
0.000296707
0.125568
0.000253115
0.125489
0.000214475
0.125422
0.000180721
0.125365
0.000151671
0.125316
0.000126981
0.125276
0.000106181
0.125241
8.87444e-05
0.125212
7.4153e-05
0.125187
6.19394e-05
0.125166
5.1703e-05
0.125149
4.311e-05
0.125134
3.58859e-05
0.125121
2.98055e-05
0.12511
2.46832e-05
0.125101
2.03659e-05
0.125094
1.67254e-05
0.125087
1.36541e-05
0.125082
1.10607e-05
0.125077
8.86904e-06
0.125073
7.02143e-06
0.12507
5.46579e-06
0.125067
4.15543e-06
0.125065
3.05112e-06
0.125063
2.11961e-06
0.125061
1.33137e-06
0.12506
6.63542e-07
0.125059
1.02608e-07
0.125058
-3.86619e-07
0.125057
-8.00378e-07
0.125057
-1.15579e-06
0.125056
-1.4622e-06
0.125056
-1.72737e-06
0.125055
-1.95794e-06
0.125055
-2.15938e-06
0.125055
-2.33605e-06
0.125055
-2.49146e-06
0.125054
-2.6283e-06
0.125054
-2.74853e-06
0.125054
-2.85355e-06
0.125054
-2.94423e-06
0.125054
-3.02107e-06
0.125054
-3.0843e-06
0.125054
-3.13393e-06
0.125054
-3.16988e-06
0.125054
-3.19192e-06
0.125054
-3.19968e-06
0.125054
-3.19236e-06
0.125054
-3.16853e-06
0.125054
-3.12557e-06
0.125054
-3.0592e-06
0.125054
-2.96301e-06
0.125054
-2.82824e-06
0.125054
-2.64438e-06
0.125054
-2.40057e-06
0.125054
-2.08804e-06
0.125054
-1.7077e-06
0.125054
-1.27194e-06
0.125055
-7.87292e-07
0.125056
-3.3604e-07
0.125057
4.56817e-08
0.125058
1.66319e-07
0.12506
-2.05419e-07
0.125061
-1.37447e-06
0.125063
-3.74637e-06
0.125064
-7.75583e-06
-1.37815e-05
0.14794
0.00364395
0.146742
0.00437346
0.145406
0.00495301
0.143968
0.00537711
0.14247
0.00564491
0.140948
0.00576228
0.139441
0.00574271
0.137981
0.00560598
0.136592
0.00537508
0.135292
0.00507356
0.134091
0.00472402
0.132995
0.00434682
0.132004
0.00395908
0.131116
0.00357418
0.130325
0.00320202
0.129625
0.00284947
0.129009
0.00252088
0.128469
0.00221851
0.127999
0.00194305
0.127589
0.00169405
0.127233
0.00147003
0.126925
0.00126933
0.126658
0.00109202
0.126432
0.000935987
0.126242
0.000800588
0.126081
0.000689621
0.125941
0.000599875
0.125817
0.000522429
0.12571
0.000452905
0.125616
0.000390267
0.125535
0.000334194
0.125465
0.000284498
0.125405
0.000240973
0.125353
0.000203321
0.125309
0.000171108
0.125271
0.000143781
0.125239
0.000120725
0.125212
0.000101325
0.125189
8.50154e-05
0.125169
7.12979e-05
0.125153
5.97502e-05
0.125139
5.00193e-05
0.125127
4.1812e-05
0.125116
3.48848e-05
0.125108
2.90351e-05
0.1251
2.40932e-05
0.125094
1.99169e-05
0.125089
1.63859e-05
0.125084
1.33995e-05
0.12508
1.08745e-05
0.125077
8.74077e-06
0.125074
6.93786e-06
0.125072
5.41435e-06
0.12507
4.12668e-06
0.125068
3.03769e-06
0.125067
2.1162e-06
0.125066
1.33595e-06
0.125065
6.71037e-07
0.125064
1.05893e-07
0.125063
-3.7638e-07
0.125062
-7.89174e-07
0.125062
-1.14363e-06
0.125061
-1.44896e-06
0.125061
-1.71279e-06
0.12506
-1.94142e-06
0.12506
-2.13992e-06
0.12506
-2.31237e-06
0.125059
-2.46195e-06
0.125059
-2.5911e-06
0.125059
-2.70165e-06
0.125059
-2.7949e-06
0.125058
-2.87179e-06
0.125058
-2.93294e-06
0.125058
-2.97874e-06
0.125058
-3.00935e-06
0.125058
-3.02467e-06
0.125057
-3.02419e-06
0.125057
-3.00677e-06
0.125057
-2.97037e-06
0.125057
-2.91175e-06
0.125057
-2.82631e-06
0.125057
-2.70818e-06
0.125057
-2.55097e-06
0.125057
-2.34927e-06
0.125057
-2.10148e-06
0.125057
-1.8144e-06
0.125057
-1.50295e-06
0.125057
-1.18583e-06
0.125058
-9.10911e-07
0.125059
-7.49088e-07
0.12506
-8.34258e-07
0.125061
-1.35172e-06
0.125062
-2.53407e-06
0.125063
-4.66178e-06
0.125063
-7.85868e-06
-1.21606e-05
0.148685
0.00482577
0.147308
0.0057511
0.145785
0.0064759
0.144167
0.00699524
0.142502
0.00730923
0.140838
0.00742644
0.139215
0.00736601
0.137665
0.00715589
0.136212
0.00682808
0.134871
0.00641459
0.13365
0.00594542
0.132549
0.00544706
0.131567
0.0049412
0.130697
0.00444427
0.129931
0.00396804
0.12926
0.00352035
0.128675
0.00310587
0.128167
0.00272672
0.127727
0.00238317
0.127347
0.00207428
0.127018
0.0017982
0.126735
0.00155274
0.126491
0.00133591
0.126283
0.00114442
0.126108
0.000975596
0.125964
0.000833494
0.125843
0.000720657
0.125738
0.000627336
0.125646
0.00054497
0.125565
0.000471168
0.125494
0.000405105
0.125432
0.000346406
0.125379
0.000294774
0.125332
0.000249854
0.125292
0.000211175
0.125258
0.00017815
0.125228
0.000150122
0.125203
0.000126419
0.125182
0.000106409
0.125164
8.95249e-05
0.125148
7.52739e-05
0.125135
6.32395e-05
0.125124
5.3071e-05
0.125114
4.44751e-05
0.125106
3.72056e-05
0.125099
3.1056e-05
0.125093
2.58526e-05
0.125088
2.14487e-05
0.125083
1.77207e-05
0.12508
1.45649e-05
0.125077
1.18939e-05
0.125074
9.63354e-06
0.125072
7.72056e-06
0.12507
6.10153e-06
0.125068
4.731e-06
0.125067
3.57039e-06
0.125065
2.58681e-06
0.125064
1.75189e-06
0.125063
1.04234e-06
0.125062
4.38414e-07
0.125062
-7.67305e-08
0.125061
-5.17107e-07
0.125061
-8.94454e-07
0.12506
-1.21848e-06
0.12506
-1.49726e-06
0.125059
-1.7374e-06
0.125059
-1.94431e-06
0.125058
-2.12234e-06
0.125058
-2.27494e-06
0.125058
-2.40484e-06
0.125058
-2.51415e-06
0.125057
-2.60448e-06
0.125057
-2.67706e-06
0.125057
-2.73276e-06
0.125057
-2.77218e-06
0.125056
-2.79558e-06
0.125056
-2.80284e-06
0.125056
-2.79332e-06
0.125056
-2.76575e-06
0.125056
-2.71806e-06
0.125055
-2.64748e-06
0.125055
-2.55075e-06
0.125055
-2.42489e-06
0.125055
-2.2686e-06
0.125055
-2.08431e-06
0.125055
-1.88076e-06
0.125055
-1.67358e-06
0.125055
-1.486e-06
0.125056
-1.35979e-06
0.125057
-1.35922e-06
0.125057
-1.58382e-06
0.125058
-2.16774e-06
0.125059
-3.26709e-06
0.125059
-5.03999e-06
0.125059
-7.51044e-06
-1.06214e-05
0.149645
0.00620261
0.148058
0.00733816
0.146318
0.00821595
0.144484
0.00882911
0.142617
0.00917642
0.140773
0.00926966
0.139002
0.00913737
0.137337
0.00882041
0.135802
0.00836326
0.134409
0.00780834
0.13316
0.00719428
0.132052
0.00655431
0.131079
0.00591463
0.130229
0.00529426
0.129491
0.0047062
0.128852
0.00415867
0.128302
0.00365599
0.12783
0.00319956
0.127424
0.00278876
0.127077
0.00242164
0.126779
0.00209545
0.126525
0.00180699
0.126308
0.00155292
0.126123
0.00132914
0.125967
0.00113156
0.12584
0.000961247
0.125736
0.000824725
0.125647
0.000715819
0.12557
0.0006223
0.125502
0.000539343
0.125441
0.00046527
0.125388
0.000399357
0.125342
0.000341162
0.125302
0.000290277
0.125267
0.000246215
0.125236
0.000208385
0.12521
0.000176114
0.125188
0.000148703
0.125169
0.000125478
0.125153
0.000105821
0.125139
8.91917e-05
0.125127
7.51212e-05
0.125117
6.32133e-05
0.125108
5.31328e-05
0.125101
4.45974e-05
0.125094
3.7369e-05
0.125089
3.12466e-05
0.125084
2.60602e-05
0.12508
2.16663e-05
0.125077
1.79439e-05
0.125074
1.47904e-05
0.125072
1.2119e-05
0.12507
9.85604e-06
0.125068
7.93905e-06
0.125066
6.31496e-06
0.125065
4.9387e-06
0.125064
3.77195e-06
0.125063
2.78194e-06
0.125062
1.9411e-06
0.125061
1.22621e-06
0.12506
6.17553e-07
0.12506
9.85009e-08
0.125059
-3.44824e-07
0.125059
-7.24053e-07
0.125058
-1.04886e-06
0.125058
-1.32726e-06
0.125057
-1.56588e-06
0.125057
-1.77013e-06
0.125057
-1.9444e-06
0.125056
-2.09225e-06
0.125056
-2.21651e-06
0.125056
-2.31944e-06
0.125055
-2.40282e-06
0.125055
-2.46802e-06
0.125055
-2.51606e-06
0.125055
-2.54763e-06
0.125054
-2.56304e-06
0.125054
-2.56223e-06
0.125054
-2.54471e-06
0.125054
-2.50955e-06
0.125054
-2.45557e-06
0.125053
-2.38164e-06
0.125053
-2.28737e-06
0.125053
-2.17422e-06
0.125053
-2.04698e-06
0.125053
-1.91543e-06
0.125053
-1.79539e-06
0.125054
-1.71024e-06
0.125054
-1.6959e-06
0.125054
-1.80386e-06
0.125055
-2.10603e-06
0.125055
-2.69163e-06
0.125056
-3.65502e-06
0.125056
-5.07399e-06
0.125055
-6.93643e-06
-9.18268e-06
0.150811
0.00782958
0.14896
0.00918951
0.146947
0.0102289
0.144841
0.0109345
0.142719
0.0112991
0.140651
0.0113374
0.138696
0.0110923
0.136892
0.0106243
0.13526
0.00999487
0.133809
0.00925987
0.132535
0.00846849
0.131428
0.00766151
0.130473
0.00686927
0.129655
0.00611246
0.128956
0.00540438
0.128363
0.00475258
0.127858
0.00416013
0.127431
0.00362689
0.127069
0.00315066
0.126763
0.00272798
0.126504
0.00235469
0.126284
0.0020263
0.126099
0.00173829
0.125942
0.00148565
0.125811
0.00126311
0.125703
0.00106948
0.125615
0.000912084
0.125543
0.000788559
0.12548
0.000685134
0.125425
0.000594482
0.125376
0.000513952
0.125333
0.000442345
0.125295
0.000379003
0.125262
0.000323427
0.125233
0.000275104
0.125208
0.000233438
0.125186
0.00019775
0.125168
0.000167329
0.125152
0.000141475
0.125138
0.000119538
0.125126
0.00010094
0.125116
8.51776e-05
0.125108
7.18185e-05
0.1251
6.04958e-05
0.125094
5.08983e-05
0.125089
4.27627e-05
0.125084
3.58659e-05
0.12508
3.00191e-05
0.125077
2.50624e-05
0.125074
2.08602e-05
0.125071
1.72979e-05
0.125069
1.42781e-05
0.125067
1.17183e-05
0.125066
9.54841e-06
0.125064
7.70893e-06
0.125063
6.14931e-06
0.125062
4.8266e-06
0.125061
3.70422e-06
0.12506
2.7512e-06
0.125059
1.94138e-06
0.125059
1.25257e-06
0.125058
6.66056e-07
0.125058
1.66084e-07
0.125057
-2.60557e-07
0.125057
-6.2492e-07
0.125056
-9.36228e-07
0.125056
-1.20214e-06
0.125056
-1.42898e-06
0.125055
-1.62197e-06
0.125055
-1.78538e-06
0.125055
-1.92267e-06
0.125054
-2.03666e-06
0.125054
-2.12964e-06
0.125054
-2.20343e-06
0.125054
-2.25947e-06
0.125053
-2.29884e-06
0.125053
-2.32232e-06
0.125053
-2.33041e-06
0.125053
-2.32332e-06
0.125053
-2.30112e-06
0.125052
-2.2639e-06
0.125052
-2.2121e-06
0.125052
-2.14713e-06
0.125052
-2.0722e-06
0.125052
-1.99331e-06
0.125052
-1.92049e-06
0.125052
-1.86866e-06
0.125052
-1.85879e-06
0.125052
-1.9201e-06
0.125053
-2.0914e-06
0.125053
-2.42177e-06
0.125053
-2.96624e-06
0.125053
-3.77546e-06
0.125053
-4.87936e-06
0.125052
-6.25154e-06
-7.85294e-06
0.152201
0.00977053
0.150023
0.0113677
0.147669
0.012582
0.145222
0.0133822
0.142777
0.0137438
0.14043
0.013684
0.138253
0.0132698
0.136286
0.0125914
0.134547
0.0117335
0.133038
0.0107689
0.131747
0.00975995
0.130652
0.00875571
0.129732
0.00778973
0.128962
0.00688281
0.128319
0.00604696
0.127784
0.00528763
0.127339
0.00460528
0.126969
0.0039972
0.12666
0.00345884
0.126404
0.00298466
0.12619
0.00256864
0.126011
0.00220475
0.125862
0.00188718
0.125738
0.00160993
0.125635
0.00136668
0.12555
0.00115457
0.125481
0.000980449
0.125425
0.000844365
0.125378
0.000732655
0.125336
0.000635829
0.1253
0.000550326
0.125268
0.000474467
0.12524
0.000407347
0.125215
0.000348353
0.125193
0.000296926
0.125174
0.000252452
0.125157
0.000214249
0.125143
0.000181595
0.125131
0.000153778
0.12512
0.000130128
0.125111
0.000110043
0.125103
9.2996e-05
0.125097
7.85303e-05
0.125091
6.62566e-05
0.125086
5.58434e-05
0.125082
4.7009e-05
0.125078
3.95144e-05
0.125075
3.31566e-05
0.125072
2.77633e-05
0.12507
2.31884e-05
0.125068
1.9308e-05
0.125066
1.60169e-05
0.125065
1.32256e-05
0.125063
1.08583e-05
0.125062
8.8505e-06
0.125061
7.14748e-06
0.12506
5.70267e-06
0.125059
4.47652e-06
0.125059
3.43547e-06
0.125058
2.55108e-06
0.125058
1.79929e-06
0.125057
1.15972e-06
0.125057
6.15201e-07
0.125056
1.51281e-07
0.125056
-2.44179e-07
0.125056
-5.81343e-07
0.125055
-8.687e-07
0.125055
-1.11331e-06
0.125055
-1.32104e-06
0.125054
-1.49674e-06
0.125054
-1.64439e-06
0.125054
-1.76728e-06
0.125053
-1.86812e-06
0.125053
-1.9491e-06
0.125053
-2.01205e-06
0.125053
-2.05841e-06
0.125053
-2.08939e-06
0.125052
-2.10596e-06
0.125052
-2.10894e-06
0.125052
-2.09916e-06
0.125052
-2.07764e-06
0.125052
-2.04593e-06
0.125051
-2.00653e-06
0.125051
-1.96354e-06
0.125051
-1.92337e-06
0.125051
-1.89551e-06
0.125051
-1.89314e-06
0.125051
-1.93374e-06
0.125051
-2.03985e-06
0.125052
-2.23911e-06
0.125052
-2.56303e-06
0.125052
-3.04273e-06
0.125052
-3.70074e-06
0.125051
-4.54073e-06
0.125051
-5.53187e-06
-6.65433e-06
0.153836
0.0120954
0.151259
0.0139453
0.148483
0.0153575
0.145603
0.0162621
0.142752
0.0165952
0.14006
0.0163758
0.137617
0.0157126
0.135466
0.0147425
0.133617
0.0135822
0.13206
0.012326
0.130768
0.0110519
0.129707
0.00981641
0.128843
0.00865421
0.128142
0.00758395
0.127575
0.00661425
0.127116
0.00574632
0.126745
0.00497631
0.126444
0.00429766
0.126201
0.00370258
0.126002
0.0031828
0.125841
0.00273006
0.125709
0.00233652
0.125601
0.00199496
0.125513
0.0016983
0.125441
0.00143922
0.125382
0.00121351
0.125335
0.0010271
0.125298
0.000881459
0.125267
0.00076361
0.12524
0.000662419
0.125217
0.00057358
0.125197
0.000494986
0.125178
0.000425502
0.125162
0.000364399
0.125148
0.000311061
0.125136
0.000264852
0.125125
0.000225082
0.125116
0.000191026
0.125107
0.000161963
0.1251
0.000137217
0.125094
0.000116172
0.125089
9.82894e-05
0.125084
8.30991e-05
0.12508
7.01992e-05
0.125077
5.92461e-05
0.125074
4.99472e-05
0.125071
4.20534e-05
0.125069
3.53531e-05
0.125067
2.96663e-05
0.125066
2.48402e-05
0.125064
2.07448e-05
0.125063
1.72697e-05
0.125062
1.43212e-05
0.125061
1.18196e-05
0.12506
9.69706e-06
0.125059
7.89613e-06
0.125059
6.36786e-06
0.125058
5.07068e-06
0.125058
3.9693e-06
0.125057
3.03381e-06
0.125057
2.23884e-06
0.125056
1.56292e-06
0.125056
9.87914e-07
0.125056
4.98523e-07
0.125055
8.18715e-08
0.125055
-2.72874e-07
0.125055
-5.74773e-07
0.125054
-8.31415e-07
0.125054
-1.04913e-06
0.125054
-1.23317e-06
0.125054
-1.38794e-06
0.125053
-1.51705e-06
0.125053
-1.62354e-06
0.125053
-1.70991e-06
0.125053
-1.77828e-06
0.125052
-1.83041e-06
0.125052
-1.86783e-06
0.125052
-1.89191e-06
0.125052
-1.90394e-06
0.125052
-1.9053e-06
0.125051
-1.89762e-06
0.125051
-1.88308e-06
0.125051
-1.86477e-06
0.125051
-1.84708e-06
0.125051
-1.8362e-06
0.125051
-1.84057e-06
0.125051
-1.87123e-06
0.125051
-1.94194e-06
0.125051
-2.06925e-06
0.125051
-2.27174e-06
0.125051
-2.5683e-06
0.125051
-2.97432e-06
0.125051
-3.49581e-06
0.12505
-4.1235e-06
0.125049
-4.82727e-06
-5.5996e-06
0.155735
0.0148436
0.152697
0.0169833
0.149397
0.0186574
0.145962
0.0196975
0.142592
0.0199652
0.139472
0.0194958
0.136712
0.0184725
0.134355
0.0170993
0.132401
0.015536
0.13082
0.0139076
0.12956
0.0123115
0.128567
0.010809
0.127792
0.00943009
0.127189
0.00818697
0.126721
0.00708147
0.12636
0.0061079
0.12608
0.00525608
0.125863
0.00451429
0.125695
0.0038706
0.125565
0.00331341
0.125463
0.00283185
0.125383
0.00241607
0.125321
0.00205729
0.125272
0.00174733
0.125233
0.00147795
0.125203
0.00124384
0.12518
0.00104982
0.125163
0.00089822
0.12515
0.000776827
0.125139
0.000673391
0.12513
0.000583055
0.125121
0.000503373
0.125114
0.000433023
0.125107
0.000371175
0.125101
0.000317159
0.125096
0.00027032
0.125091
0.00022996
0.125086
0.000195357
0.125083
0.000165792
0.125079
0.00014059
0.125076
0.000119137
0.125074
0.000100891
0.125071
8.53788e-05
0.125069
7.21962e-05
0.125068
6.09957e-05
0.125066
5.1481e-05
0.125065
4.33997e-05
0.125063
3.65369e-05
0.125062
3.07096e-05
0.125062
2.57621e-05
0.125061
2.15621e-05
0.12506
1.79969e-05
0.125059
1.49709e-05
0.125059
1.24027e-05
0.125058
1.02231e-05
0.125058
8.37313e-06
0.125057
6.80294e-06
0.125057
5.46999e-06
0.125057
4.33819e-06
0.125056
3.37691e-06
0.125056
2.56019e-06
0.125056
1.86603e-06
0.125055
1.27581e-06
0.125055
7.73812e-07
0.125055
3.4677e-07
0.125054
-1.6478e-08
0.125054
-3.25334e-07
0.125054
-5.87662e-07
0.125054
-8.10065e-07
0.125054
-9.98065e-07
0.125053
-1.15628e-06
0.125053
-1.28856e-06
0.125053
-1.39815e-06
0.125053
-1.48777e-06
0.125052
-1.55975e-06
0.125052
-1.61607e-06
0.125052
-1.65851e-06
0.125052
-1.68872e-06
0.125052
-1.70829e-06
0.125051
-1.71896e-06
0.125051
-1.72272e-06
0.125051
-1.72205e-06
0.125051
-1.72021e-06
0.125051
-1.72145e-06
0.125051
-1.7314e-06
0.125051
-1.7572e-06
0.125051
-1.80767e-06
0.12505
-1.89317e-06
0.12505
-2.02525e-06
0.12505
-2.21567e-06
0.12505
-2.47467e-06
0.12505
-2.80796e-06
0.12505
-3.21269e-06
0.125049
-3.67441e-06
0.125049
-4.16615e-06
-4.68715e-06
0.157888
0.0180607
0.154337
0.0205338
0.150394
0.0226006
0.146235
0.0238567
0.142196
0.0240036
0.13856
0.0231327
0.135451
0.021581
0.132892
0.0196579
0.130856
0.0175723
0.129283
0.0154809
0.128094
0.0134999
0.127212
0.0116914
0.126566
0.0100765
0.126097
0.0086555
0.12576
0.00741831
0.12552
0.00634798
0.125351
0.0054254
0.125233
0.0046322
0.125152
0.00395143
0.125098
0.0033677
0.125062
0.0028673
0.12504
0.00243828
0.125027
0.00207031
0.12502
0.00175408
0.125018
0.00148059
0.125018
0.00124369
0.125021
0.00104708
0.125025
0.000893489
0.125031
0.000771478
0.125036
0.000668158
0.125041
0.000578336
0.125045
0.000499335
0.125048
0.000429697
0.125051
0.000368517
0.125053
0.000315088
0.125054
0.000268739
0.125056
0.000228778
0.125056
0.000194492
0.125057
0.000165177
0.125057
0.000140169
0.125058
0.000118865
0.125058
0.000100734
0.125058
8.53097e-05
0.125058
7.21943e-05
0.125058
6.10449e-05
0.125058
5.1569e-05
0.125058
4.3517e-05
0.125058
3.66762e-05
0.125057
3.08653e-05
0.125057
2.59301e-05
0.125057
2.1739e-05
0.125057
1.81804e-05
0.125057
1.51591e-05
0.125056
1.25941e-05
0.125056
1.04166e-05
0.125056
8.56817e-06
0.125056
6.99892e-06
0.125056
5.6666e-06
0.125056
4.53526e-06
0.125055
3.57439e-06
0.125055
2.75812e-06
0.125055
2.06448e-06
0.125055
1.47491e-06
0.125055
9.73677e-07
0.125054
5.47519e-07
0.125054
1.85235e-07
0.125054
-1.22611e-07
0.125054
-3.83958e-07
0.125054
-6.05469e-07
0.125053
-7.92744e-07
0.125053
-9.50486e-07
0.125053
-1.08265e-06
0.125053
-1.19257e-06
0.125052
-1.28308e-06
0.125052
-1.35662e-06
0.125052
-1.41531e-06
0.125052
-1.46107e-06
0.125052
-1.49571e-06
0.125051
-1.52102e-06
0.125051
-1.53888e-06
0.125051
-1.55144e-06
0.125051
-1.56126e-06
0.125051
-1.57147e-06
0.125051
-1.58597e-06
0.125051
-1.60961e-06
0.12505
-1.6482e-06
0.12505
-1.70852e-06
0.12505
-1.79805e-06
0.12505
-1.92445e-06
0.12505
-2.0946e-06
0.12505
-2.31314e-06
0.12505
-2.58019e-06
0.125049
-2.88879e-06
0.125049
-3.22349e-06
0.125048
-3.56145e-06
-3.90523e-06
0.160478
0.0216554
0.156377
0.0246343
0.1516
0.0273781
0.146452
0.029005
0.141487
0.0289685
0.137136
0.0274838
0.133583
0.0251338
0.130835
0.0224051
0.128802
0.019606
0.127343
0.0169397
0.126321
0.0145215
0.125624
0.0123884
0.125165
0.0105361
0.124874
0.00894616
0.124701
0.00759149
0.124608
0.00644097
0.124569
0.00546476
0.124564
0.0046367
0.124581
0.00393417
0.124611
0.00333765
0.124648
0.00283058
0.124687
0.00239895
0.124727
0.00203099
0.124764
0.0017164
0.124799
0.0014456
0.124831
0.00121193
0.12486
0.00101803
0.124887
0.000866677
0.124911
0.000747183
0.124933
0.000646504
0.124952
0.000559323
0.124969
0.00048285
0.124983
0.000415551
0.124995
0.000356478
0.125005
0.000304909
0.125013
0.000260173
0.125021
0.000221594
0.125027
0.000188482
0.125032
0.000160158
0.125036
0.000135983
0.125039
0.00011538
0.125042
9.7836e-05
0.125045
8.2905e-05
0.125047
7.0203e-05
0.125048
5.94005e-05
0.12505
5.02158e-05
0.125051
4.24083e-05
0.125052
3.57729e-05
0.125052
3.01347e-05
0.125053
2.53447e-05
0.125053
2.12758e-05
0.125054
1.782e-05
0.125054
1.48852e-05
0.125054
1.23932e-05
0.125054
1.02772e-05
0.125054
8.48055e-06
0.125055
6.95508e-06
0.125055
5.65976e-06
0.125055
4.55977e-06
0.125054
3.62552e-06
0.125054
2.8319e-06
0.125054
2.1576e-06
0.125054
1.58458e-06
0.125054
1.09757e-06
0.125054
6.83636e-07
0.125054
3.31872e-07
0.125054
3.30794e-08
0.125053
-2.20529e-07
0.125053
-4.35465e-07
0.125053
-6.17242e-07
0.125053
-7.70495e-07
0.125053
-8.99143e-07
0.125053
-1.0065e-06
0.125052
-1.09542e-06
0.125052
-1.16833e-06
0.125052
-1.22742e-06
0.125052
-1.27465e-06
0.125052
-1.31187e-06
0.125051
-1.34094e-06
0.125051
-1.36377e-06
0.125051
-1.3825e-06
0.125051
-1.39957e-06
0.125051
-1.41786e-06
0.125051
-1.44078e-06
0.125051
-1.47234e-06
0.12505
-1.51712e-06
0.12505
-1.58016e-06
0.12505
-1.66663e-06
0.12505
-1.78134e-06
0.12505
-1.92786e-06
0.12505
-2.10738e-06
0.125049
-2.31715e-06
0.125049
-2.54879e-06
0.125049
-2.78797e-06
0.125048
-3.01608e-06
-3.23712e-06
0.163427
0.0259672
0.158619
0.0294415
0.152713
0.0332849
0.14628
0.0354378
0.140263
0.0349849
0.135205
0.0325422
0.131235
0.0291039
0.128305
0.0253351
0.126281
0.0216295
0.124976
0.0182453
0.124193
0.0153047
0.123766
0.0128149
0.123571
0.0107317
0.123518
0.00899841
0.123552
0.00755739
0.123637
0.0063566
0.123748
0.00535342
0.123871
0.00451362
0.123996
0.00380911
0.124117
0.00321668
0.124231
0.00271726
0.124334
0.00229518
0.124428
0.0019375
0.124511
0.00163321
0.124584
0.00137242
0.124648
0.0011483
0.124703
0.000962589
0.124752
0.000817821
0.124795
0.000704078
0.124833
0.000608635
0.124866
0.000526268
0.124895
0.000454192
0.124919
0.000390863
0.124941
0.00033533
0.124959
0.000286876
0.124974
0.000244852
0.124987
0.000208612
0.124998
0.000177503
0.125007
0.000150886
0.125015
0.000128163
0.125022
0.000108791
0.125027
9.22903e-05
0.125032
7.82422e-05
0.125036
6.62874e-05
0.125039
5.61169e-05
0.125042
4.74668e-05
0.125044
4.01116e-05
0.125046
3.38589e-05
0.125048
2.85444e-05
0.125049
2.40282e-05
0.12505
2.01911e-05
0.125051
1.69314e-05
0.125052
1.41626e-05
0.125052
1.1811e-05
0.125053
9.81397e-06
0.125053
8.11806e-06
0.125053
6.6779e-06
0.125053
5.4549e-06
0.125054
4.41625e-06
0.125054
3.53407e-06
0.125054
2.78469e-06
0.125054
2.14803e-06
0.125054
1.60706e-06
0.125054
1.14736e-06
0.125054
7.56722e-07
0.125053
4.24821e-07
0.125053
1.42944e-07
0.125053
-9.62817e-08
0.125053
-2.99056e-07
0.125053
-4.70622e-07
0.125053
-6.15406e-07
0.125053
-7.37159e-07
0.125052
-8.3907e-07
0.125052
-9.23877e-07
0.125052
-9.93962e-07
0.125052
-1.05143e-06
0.125052
-1.09822e-06
0.125052
-1.13613e-06
0.125051
-1.16696e-06
0.125051
-1.19258e-06
0.125051
-1.21498e-06
0.125051
-1.23639e-06
0.125051
-1.25933e-06
0.125051
-1.28667e-06
0.12505
-1.32165e-06
0.12505
-1.36776e-06
0.12505
-1.42863e-06
0.12505
-1.5077e-06
0.12505
-1.60775e-06
0.12505
-1.73024e-06
0.125049
-1.87444e-06
0.125049
-2.03633e-06
0.125049
-2.20769e-06
0.125048
-2.37615e-06
0.125048
-2.52701e-06
-2.66468e-06
0.1712
0.0323022
0.163949
0.0366925
0.155233
0.0420011
0.14617
0.044501
0.138215
0.0429392
0.132049
0.0387086
0.127683
0.0334703
0.124837
0.0281805
0.123135
0.0233321
0.122219
0.0191609
0.12182
0.015704
0.121746
0.0128885
0.121865
0.0106132
0.122086
0.00877728
0.122354
0.00728917
0.122636
0.00607442
0.122913
0.00507659
0.123174
0.00425282
0.123413
0.00356967
0.123629
0.00300075
0.123821
0.00252511
0.123991
0.00212593
0.124138
0.0017896
0.124267
0.00150476
0.124378
0.00126162
0.124472
0.00105352
0.124554
0.000881482
0.124624
0.000747623
0.124685
0.000642843
0.124738
0.000555211
0.124785
0.000479797
0.124825
0.000413948
0.12486
0.000356176
0.12489
0.000305566
0.124915
0.000261433
0.124937
0.000223169
0.124955
0.000190176
0.124971
0.000161854
0.124984
0.000137621
0.124995
0.000116931
0.125005
9.92882e-05
0.125013
8.42572e-05
0.12502
7.14578e-05
0.125025
6.05629e-05
0.12503
5.1292e-05
0.125034
4.3405e-05
0.125038
3.66972e-05
0.125041
3.09934e-05
0.125043
2.61445e-05
0.125045
2.20231e-05
0.125047
1.85208e-05
0.125048
1.5545e-05
0.125049
1.30168e-05
0.12505
1.08693e-05
0.125051
9.04532e-06
0.125051
7.49616e-06
0.125052
6.18047e-06
0.125052
5.06306e-06
0.125053
4.11402e-06
0.125053
3.30791e-06
0.125053
2.62315e-06
0.125053
2.04139e-06
0.125053
1.5471e-06
0.125053
1.1271e-06
0.125053
7.70221e-07
0.125053
4.67028e-07
0.125053
2.09537e-07
0.125053
-9.00117e-09
0.125053
-1.94292e-07
0.125053
-3.51148e-07
0.125053
-4.83651e-07
0.125053
-5.95262e-07
0.125052
-6.88935e-07
0.125052
-7.6721e-07
0.125052
-8.32306e-07
0.125052
-8.86192e-07
0.125052
-9.30668e-07
0.125052
-9.67429e-07
0.125051
-9.98142e-07
0.125051
-1.0245e-06
0.125051
-1.04831e-06
0.125051
-1.07151e-06
0.125051
-1.09623e-06
0.125051
-1.12482e-06
0.12505
-1.15981e-06
0.12505
-1.20378e-06
0.12505
-1.25929e-06
0.12505
-1.3285e-06
0.12505
-1.41287e-06
0.125049
-1.51259e-06
0.125049
-1.62598e-06
0.125049
-1.74882e-06
0.125049
-1.87373e-06
0.125048
-1.99059e-06
0.125048
-2.08809e-06
-2.17047e-06
0.177509
0.0329087
0.170361
0.0438403
0.15775
0.0546125
0.143868
0.0583829
0.132439
0.0543677
0.124809
0.0463389
0.120573
0.0377066
0.118681
0.0300721
0.118143
0.0238708
0.11829
0.0190131
0.118757
0.0152378
0.119349
0.0122961
0.119968
0.00999396
0.120567
0.00817885
0.121124
0.00673186
0.121632
0.00556623
0.122089
0.00462
0.122494
0.00384725
0.122851
0.00321274
0.123163
0.00268903
0.123434
0.0022546
0.123667
0.00189241
0.123868
0.00158886
0.12404
0.00133282
0.124186
0.00111503
0.12431
0.000929346
0.124416
0.000776295
0.124506
0.000657473
0.124584
0.000564722
0.124652
0.000487351
0.124711
0.000420922
0.124762
0.000363026
0.124805
0.0003123
0.124843
0.000267902
0.124875
0.000229209
0.124903
0.000195674
0.124926
0.000166764
0.124946
0.00014195
0.124963
0.000120719
0.124977
0.000102591
0.12499
8.71325e-05
0.125
7.39604e-05
0.125009
6.27424e-05
0.125016
5.3192e-05
0.125022
4.50637e-05
0.125027
3.81476e-05
0.125032
3.22644e-05
0.125036
2.7261e-05
0.125039
2.30067e-05
0.125041
1.93902e-05
0.125044
1.63164e-05
0.125045
1.37044e-05
0.125047
1.1485e-05
0.125048
9.59952e-06
0.125049
7.99786e-06
0.12505
6.63741e-06
0.125051
5.48188e-06
0.125051
4.50041e-06
0.125052
3.66677e-06
0.125052
2.95864e-06
0.125052
2.35708e-06
0.125053
1.84601e-06
0.125053
1.41177e-06
0.125053
1.04278e-06
0.125053
7.2925e-07
0.125053
4.62869e-07
0.125053
2.36615e-07
0.125053
4.45476e-08
0.125053
-1.18365e-07
0.125053
-2.5637e-07
0.125053
-3.73071e-07
0.125052
-4.71534e-07
0.125052
-5.54381e-07
0.125052
-6.23865e-07
0.125052
-6.81963e-07
0.125052
-7.30427e-07
0.125052
-7.70863e-07
0.125052
-8.04775e-07
0.125051
-8.33634e-07
0.125051
-8.58921e-07
0.125051
-8.82172e-07
0.125051
-9.05019e-07
0.125051
-9.29205e-07
0.125051
-9.56574e-07
0.12505
-9.89042e-07
0.12505
-1.0285e-06
0.12505
-1.07664e-06
0.12505
-1.13481e-06
0.12505
-1.20359e-06
0.125049
-1.28254e-06
0.125049
-1.36967e-06
0.125049
-1.46108e-06
0.125049
-1.55063e-06
0.125048
-1.63034e-06
0.125048
-1.69176e-06
-1.73864e-06
0.162402
0.00779922
0.172367
0.033876
0.16622
0.060759
0.152057
0.0725456
0.13727
0.0691548
0.125921
0.0576878
0.118953
0.0446749
0.115561
0.0334638
0.114533
0.0248991
0.114857
0.0186892
0.115818
0.0142764
0.116969
0.0111455
0.11808
0.00888251
0.119071
0.00718796
0.119931
0.00587198
0.120673
0.00482485
0.121311
0.00398144
0.121861
0.00329784
0.122332
0.00274104
0.122736
0.00228514
0.123081
0.00190968
0.123375
0.00159854
0.123625
0.00133901
0.123837
0.00112086
0.124016
0.000935819
0.124167
0.000778614
0.124293
0.00064946
0.124402
0.00054943
0.124495
0.000471503
0.124575
0.000406626
0.124645
0.000351026
0.124706
0.000302643
0.124758
0.000260301
0.124802
0.000223271
0.124841
0.000191015
0.124873
0.00016307
0.124901
0.000138984
0.124925
0.000118313
0.124945
0.000100629
0.124962
8.55295e-05
0.124976
7.26532e-05
0.124989
6.1681e-05
0.124999
5.23357e-05
0.125008
4.43789e-05
0.125015
3.7606e-05
0.125021
3.18425e-05
0.125027
2.69392e-05
0.125031
2.27686e-05
0.125035
1.9222e-05
0.125038
1.62067e-05
0.125041
1.36437e-05
0.125043
1.14654e-05
0.125045
9.61441e-06
0.125047
8.04175e-06
0.125048
6.7057e-06
0.125049
5.57076e-06
0.12505
4.60669e-06
0.125051
3.78778e-06
0.125051
3.09216e-06
0.125052
2.50124e-06
0.125052
1.99921e-06
0.125052
1.57266e-06
0.125052
1.21021e-06
0.125053
9.02197e-07
0.125053
6.40436e-07
0.125053
4.17998e-07
0.125053
2.29012e-07
0.125053
6.85147e-08
0.125053
-6.77007e-08
0.125053
-1.83192e-07
0.125052
-2.8098e-07
0.125052
-3.63633e-07
0.125052
-4.33353e-07
0.125052
-4.92039e-07
0.125052
-5.41348e-07
0.125052
-5.82757e-07
0.125052
-6.17615e-07
0.125052
-6.47183e-07
0.125051
-6.72685e-07
0.125051
-6.95341e-07
0.125051
-7.164e-07
0.125051
-7.37162e-07
0.125051
-7.58984e-07
0.125051
-7.83266e-07
0.12505
-8.11409e-07
0.12505
-8.44735e-07
0.12505
-8.84365e-07
0.12505
-9.31041e-07
0.12505
-9.84907e-07
0.125049
-1.04524e-06
0.125049
-1.11018e-06
0.125049
-1.17645e-06
0.125048
-1.23921e-06
0.125048
-1.29248e-06
0.125048
-1.33011e-06
-1.35522e-06
0.0595933
-0.0517941
0.0999771
-0.00650778
0.119978
0.0407579
0.124529
0.0679949
0.120947
0.0727369
0.115521
0.0631134
0.111563
0.0486328
0.109866
0.0351611
0.110029
0.0247359
0.111315
0.0174034
0.113049
0.0125427
0.114796
0.00939855
0.116364
0.00731454
0.117709
0.00584265
0.118847
0.00473384
0.119807
0.00386472
0.120617
0.00317134
0.121301
0.00261401
0.121879
0.0021637
0.122366
0.0017977
0.122778
0.00149815
0.123125
0.0012512
0.123418
0.00104603
0.123665
0.000874046
0.123872
0.000728489
0.124045
0.000605193
0.124191
0.000504218
0.124314
0.000426191
0.12442
0.000365489
0.124512
0.000315025
0.124591
0.000271836
0.124659
0.0002343
0.124718
0.000201481
0.124768
0.000172797
0.124812
0.000147824
0.124848
0.000126194
0.12488
0.000107555
0.124907
9.1562e-05
0.124929
7.78804e-05
0.124949
6.61994e-05
0.124965
5.62384e-05
0.124979
4.77504e-05
0.124991
4.05207e-05
0.125001
3.43647e-05
0.125009
2.91245e-05
0.125017
2.4665e-05
0.125023
2.08706e-05
0.125028
1.76431e-05
0.125032
1.48983e-05
0.125036
1.25645e-05
0.125039
1.05806e-05
0.125041
8.89438e-06
0.125043
7.46145e-06
0.125045
6.24391e-06
0.125047
5.20949e-06
0.125048
4.33072e-06
0.125049
3.58421e-06
0.12505
2.95005e-06
0.125051
2.41132e-06
0.125051
1.95363e-06
0.125052
1.56474e-06
0.125052
1.23428e-06
0.125052
9.53414e-07
0.125052
7.14674e-07
0.125052
5.11721e-07
0.125053
3.3918e-07
0.125053
1.92506e-07
0.125053
6.78469e-08
0.125053
-3.80582e-08
0.125052
-1.27969e-07
0.125052
-2.04231e-07
0.125052
-2.68839e-07
0.125052
-3.23504e-07
0.125052
-3.697e-07
0.125052
-4.08714e-07
0.125052
-4.41699e-07
0.125052
-4.69693e-07
0.125051
-4.93675e-07
0.125051
-5.14584e-07
0.125051
-5.33349e-07
0.125051
-5.50914e-07
0.125051
-5.68242e-07
0.125051
-5.86324e-07
0.12505
-6.06158e-07
0.12505
-6.28716e-07
0.12505
-6.54882e-07
0.12505
-6.85354e-07
0.12505
-7.20524e-07
0.125049
-7.6032e-07
0.125049
-8.04033e-07
0.125049
-8.50131e-07
0.125049
-8.96125e-07
0.125048
-9.38492e-07
0.125048
-9.72983e-07
0.125048
-9.95391e-07
-1.00805e-06
-0.00090845
-0.0508856
0.0185126
-0.0259288
0.0412142
0.0180562
0.061465
0.0477441
0.0755195
0.0586824
0.085271
0.0533619
0.0925643
0.0413394
0.098405
0.0293205
0.103208
0.0199325
0.107128
0.0134838
0.110279
0.00939127
0.112807
0.00687042
0.114857
0.00526482
0.11654
0.00415975
0.117932
0.00334163
0.119087
0.00270947
0.120048
0.00221133
0.120847
0.00181498
0.121513
0.00149733
0.12207
0.00124078
0.122536
0.00103185
0.122927
0.000860273
0.123255
0.000718151
0.12353
0.000599254
0.123759
0.000498781
0.123951
0.000413865
0.12411
0.000344508
0.124246
0.000291016
0.124362
0.000249438
0.124462
0.000214907
0.124548
0.000185383
0.124623
0.000159747
0.124687
0.000137348
0.124742
0.000117781
0.124789
0.00010075
0.124829
8.60034e-05
0.124864
7.32981e-05
0.124893
6.23975e-05
0.124917
5.30734e-05
0.124939
4.51134e-05
0.124956
3.83259e-05
0.124972
3.25422e-05
0.124985
2.76161e-05
0.124996
2.34216e-05
0.125005
1.98511e-05
0.125013
1.68124e-05
0.125019
1.4227e-05
0.125025
1.20278e-05
0.12503
1.01575e-05
0.125034
8.56722e-06
0.125037
7.21537e-06
0.12504
6.06637e-06
0.125042
5.08994e-06
0.125044
4.26026e-06
0.125046
3.55535e-06
0.125047
2.95649e-06
0.125048
2.44772e-06
0.125049
2.01549e-06
0.12505
1.64825e-06
0.125051
1.3362e-06
0.125051
1.07099e-06
0.125052
8.45551e-07
0.125052
6.53865e-07
0.125052
4.90836e-07
0.125052
3.5214e-07
0.125052
2.34116e-07
0.125052
1.33659e-07
0.125052
4.81492e-08
0.125052
-2.46405e-08
0.125052
-8.65905e-08
0.125052
-1.39299e-07
0.125052
-1.84126e-07
0.125052
-2.22235e-07
0.125052
-2.54629e-07
0.125052
-2.82184e-07
0.125052
-3.05678e-07
0.125052
-3.25817e-07
0.125051
-3.43258e-07
0.125051
-3.58633e-07
0.125051
-3.72561e-07
0.125051
-3.85666e-07
0.125051
-3.98579e-07
0.125051
-4.1194e-07
0.12505
-4.26387e-07
0.12505
-4.42525e-07
0.12505
-4.60891e-07
0.12505
-4.81888e-07
0.12505
-5.05703e-07
0.125049
-5.32219e-07
0.125049
-5.60899e-07
0.125049
-5.9069e-07
0.125049
-6.19942e-07
0.125048
-6.46387e-07
0.125048
-6.67343e-07
0.125048
-6.802e-07
-6.86485e-07
-0.0243862
-0.0264994
-0.0328525
-0.0174625
-0.0201425
0.00534623
0.0042505
0.023351
0.0318117
0.0311212
0.0560349
0.0291387
0.0747151
0.0226592
0.0880877
0.0159479
0.0972864
0.0107339
0.10356
0.00721005
0.10795
0.0050018
0.111176
0.00364423
0.113666
0.00277505
0.11565
0.00217586
0.117256
0.00173541
0.118566
0.00139915
0.11964
0.00113723
0.120524
0.000930677
0.121256
0.000766151
0.121863
0.000633834
0.122368
0.000526411
0.12279
0.000438405
0.123142
0.000365635
0.123437
0.000304827
0.123682
0.000253485
0.123886
0.000210153
0.124056
0.000174825
0.124199
0.000147615
0.124322
0.000126476
0.124428
0.000108932
0.124519
9.39426e-05
0.124598
8.09345e-05
0.124666
6.95746e-05
0.124724
5.96543e-05
0.124774
5.10218e-05
0.124816
4.35478e-05
0.124852
3.71093e-05
0.124883
3.15861e-05
0.124909
2.68623e-05
0.124932
2.28301e-05
0.124951
1.93923e-05
0.124967
1.64634e-05
0.12498
1.3969e-05
0.124992
1.18454e-05
0.125002
1.0038e-05
0.12501
8.49996e-06
0.125017
7.19155e-06
0.125023
6.07874e-06
0.125028
5.13249e-06
0.125032
4.32805e-06
0.125036
3.64431e-06
0.125039
3.06324e-06
0.125041
2.5695e-06
0.125043
2.15e-06
0.125045
1.7936e-06
0.125047
1.49082e-06
0.125048
1.23356e-06
0.125049
1.01496e-06
0.12505
8.29169e-07
0.12505
6.71217e-07
0.125051
5.36879e-07
0.125051
4.22565e-07
0.125052
3.25233e-07
0.125052
2.42301e-07
0.125052
1.7158e-07
0.125052
1.11218e-07
0.125052
5.96463e-08
0.125052
1.55417e-08
0.125052
-2.2222e-08
0.125052
-5.45892e-08
0.125052
-8.23637e-08
0.125052
-1.06227e-07
0.125052
-1.26761e-07
0.125052
-1.44461e-07
0.125052
-1.59763e-07
0.125052
-1.73048e-07
0.125052
-1.84662e-07
0.125051
-1.94924e-07
0.125051
-2.04138e-07
0.125051
-2.12602e-07
0.125051
-2.20616e-07
0.125051
-2.28479e-07
0.125051
-2.36497e-07
0.12505
-2.44969e-07
0.12505
-2.54183e-07
0.12505
-2.64386e-07
0.12505
-2.75762e-07
0.12505
-2.8839e-07
0.125049
-3.02205e-07
0.125049
-3.16941e-07
0.125049
-3.32085e-07
0.125049
-3.46856e-07
0.125048
-3.60186e-07
0.125048
-3.70821e-07
0.125048
-3.77541e-07
-3.81032e-07
-0.0265009
1.4964e-06
-0.0439605
-2.97206e-06
-0.0386037
-1.05292e-05
-0.0152389
-1.3799e-05
0.0158934
-1.10027e-05
0.0450376
-5.55241e-06
0.0676972
-3.92044e-07
0.0836418
3.19925e-06
0.0943706
5.09225e-06
0.101575
5.49153e-06
0.106572
4.83434e-06
0.110213
3.72901e-06
0.112985
2.67416e-06
0.115159
1.89844e-06
0.116893
1.41222e-06
0.118291
1.12946e-06
0.119427
9.57815e-07
0.120357
8.35103e-07
0.121123
7.29956e-07
0.121756
6.30313e-07
0.122282
5.33091e-07
0.12272
4.38396e-07
0.123085
3.47118e-07
0.123389
2.60451e-07
0.123643
1.80324e-07
0.123853
1.09962e-07
0.124028
5.38536e-08
0.124175
1.50394e-08
0.124302
-1.01622e-08
0.124411
-2.69511e-08
0.124505
-3.78616e-08
0.124586
-4.47953e-08
0.124655
-4.93893e-08
0.124715
-5.28049e-08
0.124766
-5.56421e-08
0.12481
-5.80184e-08
0.124847
-5.98026e-08
0.124878
-6.08248e-08
0.124905
-6.09873e-08
0.124928
-6.03042e-08
0.124948
-5.88753e-08
0.124964
-5.68431e-08
0.124978
-5.43586e-08
0.12499
-5.15626e-08
0.125
-4.85746e-08
0.125009
-4.54937e-08
0.125016
-4.23978e-08
0.125022
-3.93502e-08
0.125027
-3.64032e-08
0.125032
-3.35948e-08
0.125035
-3.09572e-08
0.125038
-2.85167e-08
0.125041
-2.62945e-08
0.125043
-2.43044e-08
0.125045
-2.25586e-08
0.125046
-2.1067e-08
0.125048
-1.98354e-08
0.125049
-1.88668e-08
0.12505
-1.81656e-08
0.12505
-1.7731e-08
0.125051
-1.75625e-08
0.125051
-1.76595e-08
0.125052
-1.80172e-08
0.125052
-1.86314e-08
0.125052
-1.94955e-08
0.125052
-2.06028e-08
0.125052
-2.19439e-08
0.125052
-2.35065e-08
0.125052
-2.52802e-08
0.125052
-2.725e-08
0.125052
-2.93991e-08
0.125052
-3.17098e-08
0.125052
-3.41589e-08
0.125052
-3.67269e-08
0.125052
-3.93859e-08
0.125052
-4.21109e-08
0.125052
-4.48744e-08
0.125051
-4.76461e-08
0.125051
-5.03973e-08
0.125051
-5.30974e-08
0.125051
-5.57192e-08
0.125051
-5.82316e-08
0.125051
-6.0611e-08
0.12505
-6.28353e-08
0.12505
-6.48896e-08
0.12505
-6.67632e-08
0.12505
-6.84607e-08
0.12505
-6.99929e-08
0.125049
-7.13911e-08
0.125049
-7.27023e-08
0.125049
-7.39898e-08
0.125049
-7.53391e-08
0.125048
-7.68511e-08
0.125048
-7.86273e-08
0.125048
-8.07347e-08
-8.30175e-08
-0.0265051
0.0265066
-0.0439651
0.0174571
-0.0386078
-0.0053678
-0.0152403
-0.0233813
0.0158932
-0.0311445
0.0450376
-0.02915
0.0676971
-0.0226598
0.0836416
-0.0159413
0.0943703
-0.0107236
0.101575
-0.00719895
0.106572
-0.00499195
0.110212
-0.00363665
0.112984
-0.00276973
0.115158
-0.00217219
0.116893
-0.00173275
0.118291
-0.00139702
0.119427
-0.0011354
0.120357
-0.000929055
0.121122
-0.000764717
0.121756
-0.000632588
0.122282
-0.000525354
0.12272
-0.000437534
0.123085
-0.000364946
0.123389
-0.00030431
0.123643
-0.000253127
0.123853
-0.000209936
0.124028
-0.00017472
0.124175
-0.000147588
0.124302
-0.0001265
0.124411
-0.00010899
0.124505
-9.40217e-05
0.124586
-8.10272e-05
0.124655
-6.96762e-05
0.124715
-5.97623e-05
0.124766
-5.11352e-05
0.12481
-4.36656e-05
0.124847
-3.72304e-05
0.124878
-3.17089e-05
0.124905
-2.69852e-05
0.124928
-2.29514e-05
0.124948
-1.95106e-05
0.124964
-1.65774e-05
0.124978
-1.4078e-05
0.12499
-1.19487e-05
0.125
-1.01352e-05
0.125009
-8.59095e-06
0.125016
-7.27629e-06
0.125022
-6.15734e-06
0.125027
-5.20516e-06
0.125032
-4.39507e-06
0.125035
-3.70602e-06
0.125038
-3.12005e-06
0.125041
-2.62185e-06
0.125043
-2.19836e-06
0.125045
-1.83847e-06
0.125046
-1.53269e-06
0.125048
-1.27297e-06
0.125049
-1.05243e-06
0.12505
-8.65233e-07
0.12505
-7.06412e-07
0.125051
-5.7174e-07
0.125051
-4.57623e-07
0.125052
-3.6101e-07
0.125052
-2.79313e-07
0.125052
-2.10328e-07
0.125052
-1.52191e-07
0.125052
-1.03311e-07
0.125052
-6.23456e-08
0.125052
-2.81453e-08
0.125052
2.64517e-10
0.125052
2.37231e-08
0.125052
4.29461e-08
0.125052
5.8556e-08
0.125052
7.10984e-08
0.125052
8.10557e-08
0.125052
8.88628e-08
0.125052
9.49223e-08
0.125051
9.96116e-08
0.125051
1.03294e-07
0.125051
1.06329e-07
0.125051
1.09072e-07
0.125051
1.11885e-07
0.125051
1.15122e-07
0.12505
1.1913e-07
0.12505
1.2423e-07
0.12505
1.30687e-07
0.12505
1.38685e-07
0.12505
1.48279e-07
0.125049
1.59343e-07
0.125049
1.71521e-07
0.125049
1.84176e-07
0.125049
1.96356e-07
0.125048
2.06791e-07
0.125048
2.14023e-07
0.125048
2.16703e-07
2.15816e-07
-0.0243902
0.0508968
-0.0328519
0.0259187
-0.020137
-0.0180827
0.00425581
-0.0477742
0.0318145
-0.0587032
0.0560351
-0.0533705
0.0747135
-0.0413382
0.0880852
-0.0293131
0.0972838
-0.0199222
0.103558
-0.0134731
0.107948
-0.00938179
0.111174
-0.00686316
0.113664
-0.00525979
0.115649
-0.00415637
0.117255
-0.00333923
0.118566
-0.00270755
0.11964
-0.00220963
0.120524
-0.00181344
0.121255
-0.00149594
0.121862
-0.00123956
0.122368
-0.00103081
0.12279
-0.000859421
0.123142
-0.000717476
0.123437
-0.000598749
0.123682
-0.000498432
0.123886
-0.000413656
0.124055
-0.000344413
0.124199
-0.000291001
0.124322
-0.000249473
0.124428
-0.000214975
0.124519
-0.000185472
0.124598
-0.000159848
0.124666
-0.000137457
0.124724
-0.000117896
0.124774
-0.00010087
0.124816
-8.61264e-05
0.124852
-7.34234e-05
0.124883
-6.25237e-05
0.124909
-5.3199e-05
0.124932
-4.52368e-05
0.124951
-3.84457e-05
0.124967
-3.26574e-05
0.12498
-2.77258e-05
0.124992
-2.35253e-05
0.125002
-1.99485e-05
0.12501
-1.69034e-05
0.125017
-1.43116e-05
0.125023
-1.21061e-05
0.125028
-1.02297e-05
0.125032
-8.63371e-06
0.125036
-7.27648e-06
0.125039
-6.12252e-06
0.125041
-5.14159e-06
0.125043
-4.30789e-06
0.125045
-3.59946e-06
0.125047
-2.99758e-06
0.125048
-2.48633e-06
0.125049
-2.05215e-06
0.12505
-1.68351e-06
0.12505
-1.37059e-06
0.125051
-1.10506e-06
0.125051
-8.79824e-07
0.125052
-6.88874e-07
0.125052
-5.27097e-07
0.125052
-3.90161e-07
0.125052
-2.74388e-07
0.125052
-1.76658e-07
0.125052
-9.4325e-08
0.125052
-2.51446e-08
0.125052
3.27983e-08
0.125052
8.11337e-08
0.125052
1.21257e-07
0.125052
1.54375e-07
0.125052
1.81537e-07
0.125052
2.03669e-07
0.125052
2.21603e-07
0.125052
2.36103e-07
0.125051
2.47884e-07
0.125051
2.57639e-07
0.125051
2.66049e-07
0.125051
2.73801e-07
0.125051
2.81586e-07
0.125051
2.90103e-07
0.12505
3.00037e-07
0.12505
3.12037e-07
0.12505
3.26665e-07
0.12505
3.44327e-07
0.12505
3.65195e-07
0.125049
3.89099e-07
0.125049
4.15418e-07
0.125049
4.42973e-07
0.125049
4.69949e-07
0.125048
4.93881e-07
0.125048
5.11883e-07
0.125048
5.21216e-07
5.23668e-07
-0.000904113
0.0518009
0.0185222
0.00649248
0.0412242
-0.0407847
0.0614698
-0.0680198
0.0755187
-0.0727522
0.0852664
-0.0631181
0.0925578
-0.0486297
0.098398
-0.0351533
0.103202
-0.0247263
0.107123
-0.0173941
0.110276
-0.0125348
0.112805
-0.00939255
0.114856
-0.00731028
0.116539
-0.00583966
0.117932
-0.00473163
0.119087
-0.00386289
0.120047
-0.00316971
0.120846
-0.00261253
0.121513
-0.00216236
0.12207
-0.00179652
0.122536
-0.00149715
0.122927
-0.00125038
0.123255
-0.00104538
0.12353
-0.00087356
0.123759
-0.000728157
0.123951
-0.000604999
0.12411
-0.00050414
0.124246
-0.000426194
0.124362
-0.000365542
0.124462
-0.00031511
0.124548
-0.000271941
0.124623
-0.000234416
0.124687
-0.000201604
0.124742
-0.000172925
0.124789
-0.000147954
0.124829
-0.000126325
0.124864
-0.000107687
0.124893
-9.16938e-05
0.124917
-7.80103e-05
0.124939
-6.63261e-05
0.124956
-5.63607e-05
0.124972
-4.78673e-05
0.124985
-4.06316e-05
0.124996
-3.44691e-05
0.125005
-2.92222e-05
0.125013
-2.47559e-05
0.125019
-2.09548e-05
0.125025
-1.77208e-05
0.12503
-1.49697e-05
0.125034
-1.26301e-05
0.125037
-1.06407e-05
0.12504
-8.94942e-06
0.125042
-7.51192e-06
0.125044
-6.2903e-06
0.125046
-5.25231e-06
0.125047
-4.37051e-06
0.125048
-3.62149e-06
0.125049
-2.98538e-06
0.12505
-2.44524e-06
0.125051
-1.98669e-06
0.125051
-1.59748e-06
0.125052
-1.26724e-06
0.125052
-9.87133e-07
0.125052
-7.49678e-07
0.125052
-5.48521e-07
0.125052
-3.78279e-07
0.125052
-2.34385e-07
0.125052
-1.1297e-07
0.125052
-1.07509e-08
0.125052
7.50714e-08
0.125052
1.46864e-07
0.125052
2.06664e-07
0.125052
2.56225e-07
0.125052
2.97066e-07
0.125052
3.30528e-07
0.125052
3.57813e-07
0.125052
3.80024e-07
0.125051
3.98198e-07
0.125051
4.13336e-07
0.125051
4.26436e-07
0.125051
4.38504e-07
0.125051
4.50573e-07
0.125051
4.63696e-07
0.12505
4.78933e-07
0.12505
4.97306e-07
0.12505
5.19735e-07
0.12505
5.46939e-07
0.12505
5.79301e-07
0.125049
6.16712e-07
0.125049
6.58383e-07
0.125049
7.02667e-07
0.125049
7.46908e-07
0.125048
7.87386e-07
0.125048
8.19653e-07
0.125048
8.39364e-07
8.49069e-07
0.0596016
-0.00780071
0.0999847
-0.0338906
0.119979
-0.0607792
0.124522
-0.072563
0.120935
-0.0691652
0.115508
-0.057691
0.111551
-0.0446725
0.109856
-0.033458
0.110021
-0.024892
0.11131
-0.0186823
0.113045
-0.0142706
0.114794
-0.0111409
0.116363
-0.00887909
0.117708
-0.00718535
0.118847
-0.00586987
0.119807
-0.00482304
0.120617
-0.00397983
0.121301
-0.00329639
0.121878
-0.00273975
0.122366
-0.00228402
0.122777
-0.00190873
0.123125
-0.00159776
0.123418
-0.00133839
0.123664
-0.0011204
0.123872
-0.00093551
0.124045
-0.000778442
0.12419
-0.000649405
0.124314
-0.000549457
0.12442
-0.00047158
0.124511
-0.000406735
0.124591
-0.000351153
0.124659
-0.00030278
0.124718
-0.000260442
0.124768
-0.000223413
0.124812
-0.000191159
0.124848
-0.000163212
0.12488
-0.000139125
0.124907
-0.000118453
0.124929
-0.000100765
0.124949
-8.56607e-05
0.124965
-7.27788e-05
0.124979
-6.18003e-05
0.124991
-5.24481e-05
0.125001
-4.44841e-05
0.125009
-3.7704e-05
0.125017
-3.19333e-05
0.125023
-2.70228e-05
0.125028
-2.28454e-05
0.125032
-1.92924e-05
0.125036
-1.6271e-05
0.125039
-1.37023e-05
0.125041
-1.15189e-05
0.125043
-9.66319e-06
0.125045
-8.08637e-06
0.125047
-6.74671e-06
0.125048
-5.60869e-06
0.125049
-4.6421e-06
0.12505
-3.82122e-06
0.125051
-3.12419e-06
0.125051
-2.53241e-06
0.125052
-2.03008e-06
0.125052
-1.60378e-06
0.125052
-1.24212e-06
0.125052
-9.35428e-07
0.125052
-6.75517e-07
0.125052
-4.5544e-07
0.125053
-2.69313e-07
0.125053
-1.12149e-07
0.125052
2.02793e-08
0.125052
1.31561e-07
0.125052
2.24747e-07
0.125052
3.02447e-07
0.125052
3.66901e-07
0.125052
4.20059e-07
0.125052
4.6363e-07
0.125052
4.99147e-07
0.125052
5.28016e-07
0.125051
5.51564e-07
0.125051
5.71082e-07
0.125051
5.87857e-07
0.125051
6.03211e-07
0.125051
6.18519e-07
0.125051
6.35211e-07
0.12505
6.5476e-07
0.12505
6.78635e-07
0.12505
7.08212e-07
0.12505
7.44647e-07
0.12505
7.88699e-07
0.125049
8.40485e-07
0.125049
8.99221e-07
0.125049
9.62926e-07
0.125049
1.02816e-06
0.125048
1.0899e-06
0.125048
1.14193e-06
0.125048
1.17797e-06
1.20128e-06
0.162406
-0.0329115
0.172365
-0.0438497
0.166211
-0.0546258
0.152044
-0.0583952
0.137255
-0.0543761
0.125906
-0.0463426
0.11894
-0.0377063
0.115551
-0.0300691
0.114526
-0.0238666
0.114852
-0.0190086
0.115815
-0.0152338
0.116967
-0.0122926
0.118079
-0.00999114
0.11907
-0.00817653
0.11993
-0.0067299
0.120672
-0.00556452
0.12131
-0.00461848
0.12186
-0.00384589
0.122332
-0.00321153
0.122736
-0.00268798
0.123081
-0.00225371
0.123374
-0.00189169
0.123624
-0.00158829
0.123836
-0.00133241
0.124016
-0.00111476
0.124166
-0.000929204
0.124293
-0.000776269
0.124401
-0.00065753
0.124495
-0.000564829
0.124575
-0.000487489
0.124645
-0.000421076
0.124706
-0.000363188
0.124758
-0.000312464
0.124802
-0.000268065
0.124841
-0.000229369
0.124873
-0.000195831
0.124901
-0.000166917
0.124925
-0.000142099
0.124945
-0.000120862
0.124962
-0.000102728
0.124976
-8.72621e-05
0.124989
-7.40824e-05
0.124999
-6.28565e-05
0.125008
-5.32981e-05
0.125015
-4.51619e-05
0.125022
-3.8238e-05
0.125027
-3.23472e-05
0.125031
-2.73366e-05
0.125035
-2.30756e-05
0.125038
-1.94527e-05
0.125041
-1.63731e-05
0.125043
-1.37557e-05
0.125045
-1.15316e-05
0.125047
-9.64185e-06
0.125048
-8.03651e-06
0.125049
-6.67293e-06
0.12505
-5.51485e-06
0.125051
-4.5314e-06
0.125051
-3.69634e-06
0.125052
-2.98737e-06
0.125052
-2.38553e-06
0.125052
-1.87473e-06
0.125052
-1.44132e-06
0.125053
-1.07371e-06
0.125053
-7.62099e-07
0.125053
-4.98161e-07
0.125053
-2.74861e-07
0.125053
-8.62412e-08
0.125053
7.27525e-08
0.125053
2.06396e-07
0.125052
3.18325e-07
0.125052
4.11645e-07
0.125052
4.89018e-07
0.125052
5.5275e-07
0.125052
6.04868e-07
0.125052
6.47184e-07
0.125052
6.81364e-07
0.125051
7.08979e-07
0.125051
7.31569e-07
0.125051
7.50688e-07
0.125051
7.67953e-07
0.125051
7.85077e-07
0.125051
8.03891e-07
0.12505
8.2633e-07
0.12505
8.54394e-07
0.12505
8.9005e-07
0.12505
9.35074e-07
0.12505
9.90819e-07
0.12505
1.0579e-06
0.125049
1.1358e-06
0.125049
1.22243e-06
0.125049
1.31374e-06
0.125048
1.40335e-06
0.125048
1.48306e-06
0.125048
1.54424e-06
1.59069e-06
0.177515
-0.0323055
0.170364
-0.0366991
0.157748
-0.0420099
0.143862
-0.0445092
0.132431
-0.042945
0.1248
-0.0387114
0.120564
-0.0334704
0.118674
-0.0281788
0.118137
-0.0233293
0.118286
-0.0191579
0.118753
-0.0157011
0.119347
-0.0128859
0.119966
-0.010611
0.120565
-0.00877533
0.121123
-0.00728746
0.121631
-0.00607289
0.122088
-0.00507522
0.122494
-0.00425159
0.122851
-0.00356858
0.123162
-0.0029998
0.123433
-0.00252431
0.123667
-0.00212528
0.123867
-0.00178909
0.124039
-0.00150439
0.124186
-0.00126139
0.12431
-0.00105342
0.124415
-0.000881493
0.124506
-0.000747717
0.124584
-0.000642986
0.124652
-0.000555382
0.124711
-0.000479982
0.124762
-0.000414138
0.124805
-0.000356365
0.124843
-0.000305751
0.124875
-0.000261612
0.124903
-0.000223342
0.124926
-0.000190342
0.124946
-0.000162013
0.124963
-0.000137772
0.124977
-0.000117073
0.12499
-9.94222e-05
0.125
-8.43822e-05
0.125009
-7.15737e-05
0.125016
-6.06699e-05
0.125022
-5.13902e-05
0.125027
-4.34948e-05
0.125032
-3.67788e-05
0.125036
-3.10674e-05
0.125039
-2.62114e-05
0.125041
-2.20834e-05
0.125044
-1.8575e-05
0.125045
-1.55937e-05
0.125047
-1.30607e-05
0.125048
-1.09088e-05
0.125049
-9.08104e-06
0.12505
-7.52871e-06
0.125051
-6.21044e-06
0.125051
-5.09103e-06
0.125052
-4.14058e-06
0.125052
-3.33363e-06
0.125052
-2.64861e-06
0.125053
-2.06717e-06
0.125053
-1.57376e-06
0.125053
-1.15519e-06
0.125053
-8.00312e-07
0.125053
-4.99657e-07
0.125053
-2.45234e-07
0.125053
-3.02853e-08
0.125053
1.5093e-07
0.125053
3.03239e-07
0.125053
4.30761e-07
0.125052
5.36995e-07
0.125052
6.24939e-07
0.125052
6.97184e-07
0.125052
7.56003e-07
0.125052
8.03425e-07
0.125052
8.41311e-07
0.125052
8.71427e-07
0.125051
8.95512e-07
0.125051
9.15341e-07
0.125051
9.32797e-07
0.125051
9.49916e-07
0.125051
9.6894e-07
0.125051
9.92318e-07
0.12505
1.02268e-06
0.12505
1.06276e-06
0.12505
1.11517e-06
0.12505
1.18218e-06
0.12505
1.26527e-06
0.125049
1.3646e-06
0.125049
1.47841e-06
0.125049
1.60227e-06
0.125048
1.72858e-06
0.125048
1.84691e-06
0.125048
1.94572e-06
2.02924e-06
0.171206
-0.0259701
0.163953
-0.0294455
0.155233
-0.0332899
0.146166
-0.0354426
0.13821
-0.0349883
0.132042
-0.0325439
0.127676
-0.0291041
0.124831
-0.0253341
0.123129
-0.0216278
0.122215
-0.0182433
0.121816
-0.0153027
0.121743
-0.012813
0.121862
-0.0107299
0.122084
-0.00899684
0.122352
-0.00755597
0.122635
-0.0063553
0.122912
-0.00535223
0.123173
-0.00451255
0.123412
-0.00380815
0.123628
-0.00321584
0.123821
-0.00271656
0.12399
-0.00229461
0.124138
-0.00193707
0.124266
-0.0016329
0.124377
-0.00137224
0.124472
-0.00114824
0.124553
-0.000962643
0.124624
-0.000817956
0.124685
-0.00070426
0.124738
-0.000608844
0.124785
-0.000526488
0.124825
-0.000454413
0.12486
-0.00039108
0.12489
-0.00033554
0.124915
-0.000287076
0.124937
-0.000245043
0.124955
-0.000208792
0.124971
-0.000177673
0.124984
-0.000151046
0.124995
-0.000128313
0.125005
-0.00010893
0.125013
-9.24182e-05
0.12502
-7.83598e-05
0.125025
-6.63949e-05
0.12503
-5.62148e-05
0.125034
-4.75555e-05
0.125038
-4.01917e-05
0.125041
-3.39308e-05
0.125043
-2.86088e-05
0.125045
-2.40857e-05
0.125047
-2.02423e-05
0.125048
-1.69769e-05
0.125049
-1.42031e-05
0.12505
-1.18471e-05
0.125051
-9.84617e-06
0.125051
-8.14704e-06
0.125052
-6.70428e-06
0.125052
-5.47927e-06
0.125053
-4.43921e-06
0.125053
-3.55621e-06
0.125053
-2.8066e-06
0.125053
-2.17029e-06
0.125053
-1.63026e-06
0.125053
-1.17207e-06
0.125053
-7.83508e-07
0.125053
-4.54256e-07
0.125053
-1.75579e-07
0.125053
5.98987e-08
0.125053
2.58407e-07
0.125053
4.2521e-07
0.125053
5.64767e-07
0.125053
6.80867e-07
0.125052
7.76744e-07
0.125052
8.5519e-07
0.125052
9.18639e-07
0.125052
9.69264e-07
0.125052
1.00906e-06
0.125052
1.0399e-06
0.125051
1.06367e-06
0.125051
1.08231e-06
0.125051
1.09789e-06
0.125051
1.11277e-06
0.125051
1.12957e-06
0.125051
1.15131e-06
0.12505
1.18135e-06
0.12505
1.22336e-06
0.12505
1.28111e-06
0.12505
1.35816e-06
0.12505
1.45738e-06
0.125049
1.58025e-06
0.125049
1.72593e-06
0.125049
1.89023e-06
0.125049
2.06459e-06
0.125048
2.23627e-06
0.125048
2.39023e-06
2.53079e-06
0.163429
-0.0216572
0.15862
-0.0246366
0.152711
-0.0273809
0.146276
-0.0290077
0.140258
-0.0289706
0.135199
-0.027485
0.131229
-0.025134
0.1283
-0.0224046
0.126277
-0.0196049
0.124972
-0.0169383
0.124189
-0.0145201
0.123763
-0.012387
0.123568
-0.0105348
0.123516
-0.00894492
0.123551
-0.00759033
0.123635
-0.00643989
0.123747
-0.00546376
0.12387
-0.00463579
0.123995
-0.00393335
0.124116
-0.00333694
0.12423
-0.00282998
0.124334
-0.00239847
0.124427
-0.00203063
0.12451
-0.00171616
0.124584
-0.00144548
0.124647
-0.00121192
0.124703
-0.00101813
0.124752
-0.000866858
0.124795
-0.000747408
0.124833
-0.000646752
0.124866
-0.00055958
0.124895
-0.000483106
0.124919
-0.000415798
0.124941
-0.000356714
0.124959
-0.000305131
0.124974
-0.000260382
0.124987
-0.00022179
0.124998
-0.000188664
0.125007
-0.000160326
0.125015
-0.000136139
0.125022
-0.000115523
0.125027
-9.79667e-05
0.125032
-8.3024e-05
0.125036
-7.03108e-05
0.125039
-5.94976e-05
0.125042
-5.03029e-05
0.125044
-4.24861e-05
0.125046
-3.58421e-05
0.125048
-3.0196e-05
0.125049
-2.53987e-05
0.12505
-2.13233e-05
0.125051
-1.78617e-05
0.125052
-1.49217e-05
0.125052
-1.24251e-05
0.125053
-1.03053e-05
0.125053
-8.50537e-06
0.125053
-6.97726e-06
0.125053
-5.67993e-06
0.125054
-4.57854e-06
0.125054
-3.64348e-06
0.125054
-2.84966e-06
0.125054
-2.17576e-06
0.125054
-1.60374e-06
0.125054
-1.11831e-06
0.125054
-7.06555e-07
0.125053
-3.57559e-07
0.125053
-6.21124e-08
0.125053
1.87568e-07
0.125053
3.98025e-07
0.125053
5.7479e-07
0.125053
7.22532e-07
0.125053
8.45205e-07
0.125052
9.46177e-07
0.125052
1.02834e-06
0.125052
1.0942e-06
0.125052
1.146e-06
0.125052
1.18576e-06
0.125052
1.21542e-06
0.125051
1.23689e-06
0.125051
1.2522e-06
0.125051
1.26356e-06
0.125051
1.27352e-06
0.125051
1.2851e-06
0.125051
1.30188e-06
0.12505
1.32804e-06
0.12505
1.36838e-06
0.12505
1.42814e-06
0.12505
1.51271e-06
0.12505
1.62705e-06
0.12505
1.7748e-06
0.125049
1.95709e-06
0.125049
2.17093e-06
0.125049
2.40753e-06
0.125048
2.65204e-06
0.125048
2.88532e-06
3.11128e-06
0.160478
-0.0180618
0.156376
-0.0205352
0.151598
-0.0226022
0.146448
-0.0238583
0.141483
-0.0240049
0.137131
-0.0231335
0.133578
-0.0215812
0.130831
-0.0196576
0.128798
-0.0175716
0.12734
-0.01548
0.126318
-0.0134989
0.125622
-0.0116904
0.125163
-0.0100755
0.124872
-0.00865454
0.124699
-0.0074174
0.124606
-0.00634712
0.124567
-0.00542459
0.124563
-0.00463145
0.12458
-0.00395076
0.124611
-0.00336712
0.124647
-0.00286682
0.124687
-0.0024379
0.124726
-0.00207004
0.124764
-0.00175392
0.124799
-0.00148053
0.124831
-0.00124374
0.12486
-0.00104724
0.124887
-0.000893719
0.124911
-0.000771749
0.124933
-0.000668449
0.124952
-0.000578632
0.124968
-0.000499626
0.124983
-0.000429975
0.124995
-0.000368779
0.125005
-0.000315333
0.125013
-0.000268966
0.125021
-0.000228989
0.125027
-0.000194686
0.125032
-0.000165354
0.125036
-0.000140331
0.125039
-0.000119012
0.125042
-0.000100867
0.125045
-8.54295e-05
0.125047
-7.23016e-05
0.125048
-6.11406e-05
0.12505
-5.16539e-05
0.125051
-4.3592e-05
0.125052
-3.6742e-05
0.125052
-3.09229e-05
0.125053
-2.59801e-05
0.125053
-2.17823e-05
0.125054
-1.82176e-05
0.125054
-1.5191e-05
0.125054
-1.26214e-05
0.125054
-1.04399e-05
0.125055
-8.58819e-06
0.125055
-7.0163e-06
0.125055
-5.68196e-06
0.125055
-4.54923e-06
0.125054
-3.58758e-06
0.125054
-2.77114e-06
0.125054
-2.07795e-06
0.125054
-1.48943e-06
0.125054
-9.89863e-07
0.125054
-5.65984e-07
0.125054
-2.06595e-07
0.125054
9.77447e-08
0.125053
3.54972e-07
0.125053
5.71768e-07
0.125053
7.53752e-07
0.125053
9.05658e-07
0.125053
1.03148e-06
0.125053
1.1346e-06
0.125052
1.21791e-06
0.125052
1.28391e-06
0.125052
1.33479e-06
0.125052
1.37255e-06
0.125052
1.39905e-06
0.125051
1.41616e-06
0.125051
1.42585e-06
0.125051
1.43036e-06
0.125051
1.43236e-06
0.125051
1.43513e-06
0.125051
1.44277e-06
0.12505
1.46035e-06
0.12505
1.49396e-06
0.12505
1.55067e-06
0.12505
1.63827e-06
0.12505
1.7647e-06
0.12505
1.93701e-06
0.12505
2.15983e-06
0.125049
2.43303e-06
0.125049
2.74906e-06
0.125049
3.09173e-06
0.125048
3.43742e-06
3.78859e-06
0.157887
-0.0148442
0.154336
-0.0169841
0.150392
-0.0186584
0.146232
-0.0196984
0.142193
-0.019966
0.138556
-0.0194963
0.135447
-0.0184726
0.132889
-0.0170991
0.130853
-0.0155355
0.12928
-0.013907
0.128092
-0.0123108
0.12721
-0.0108082
0.126563
-0.00942935
0.126095
-0.00818624
0.125759
-0.00708077
0.125519
-0.00610723
0.12535
-0.00525545
0.125232
-0.00451371
0.125151
-0.00387008
0.125097
-0.00331296
0.125062
-0.00283149
0.125039
-0.0024158
0.125027
-0.00205712
0.12502
-0.00174726
0.125017
-0.00147797
0.125018
-0.00124396
0.12502
-0.00105003
0.125025
-0.000898503
0.125031
-0.000777146
0.125036
-0.000673726
0.125041
-0.000583391
0.125045
-0.000503699
0.125048
-0.000433333
0.125051
-0.000371464
0.125053
-0.000317427
0.125054
-0.000270566
0.125056
-0.000230185
0.125056
-0.000195562
0.125057
-0.000165978
0.125058
-0.000140758
0.125058
-0.000119288
0.125058
-0.000101025
0.125058
-8.54986e-05
0.125058
-7.23022e-05
0.125058
-6.10891e-05
0.125058
-5.15628e-05
0.125058
-4.3471e-05
0.125058
-3.65985e-05
0.125057
-3.07625e-05
0.125057
-2.58072e-05
0.125057
-2.16002e-05
0.125057
-1.80289e-05
0.125057
-1.49975e-05
0.125057
-1.24246e-05
0.125056
-1.0241e-05
0.125056
-8.38773e-06
0.125056
-6.81488e-06
0.125056
-5.47992e-06
0.125056
-4.34675e-06
0.125055
-3.38473e-06
0.125055
-2.56788e-06
0.125055
-1.8742e-06
0.125055
-1.2851e-06
0.125055
-7.84836e-07
0.125054
-3.60174e-07
0.125054
4.86962e-11
0.125054
3.05236e-07
0.125054
5.63236e-07
0.125053
7.80668e-07
0.125053
9.63068e-07
0.125053
1.11508e-06
0.125053
1.24061e-06
0.125053
1.34293e-06
0.125052
1.42485e-06
0.125052
1.48874e-06
0.125052
1.53667e-06
0.125052
1.57049e-06
0.125052
1.5919e-06
0.125051
1.60259e-06
0.125051
1.60435e-06
0.125051
1.59925e-06
0.125051
1.58991e-06
0.125051
1.5797e-06
0.125051
1.57313e-06
0.125051
1.57609e-06
0.12505
1.59609e-06
0.12505
1.64233e-06
0.12505
1.72564e-06
0.12505
1.85802e-06
0.12505
2.05158e-06
0.12505
2.31666e-06
0.12505
2.65869e-06
0.125049
3.07406e-06
0.125049
3.54723e-06
0.125048
4.05006e-06
4.58169e-06
0.155734
-0.0120957
0.152696
-0.0139457
0.149395
-0.015358
0.145959
-0.0162626
0.142589
-0.0165956
0.139469
-0.016376
0.136709
-0.0157126
0.134352
-0.0147423
0.132398
-0.0135818
0.130817
-0.0123256
0.129558
-0.0110513
0.128565
-0.00981587
0.127789
-0.00865367
0.127187
-0.00758342
0.12672
-0.00661373
0.126358
-0.00574583
0.126079
-0.00497585
0.125862
-0.00429723
0.125694
-0.0037022
0.125564
-0.00318249
0.125462
-0.00272982
0.125383
-0.00233637
0.12532
-0.00199489
0.125272
-0.00169832
0.125233
-0.00143933
0.125203
-0.0012137
0.12518
-0.00102737
0.125163
-0.000881798
0.12515
-0.000763979
0.125139
-0.000662799
0.12513
-0.000573957
0.125121
-0.000495348
0.125114
-0.000425843
0.125107
-0.000364716
0.125101
-0.000311352
0.125096
-0.000265117
0.125091
-0.000225322
0.125086
-0.000191241
0.125083
-0.000162156
0.125079
-0.000137389
0.125076
-0.000116325
0.125074
-9.84243e-05
0.125071
-8.32178e-05
0.125069
-7.0303e-05
0.125068
-5.93363e-05
0.125066
-5.0025e-05
0.125065
-4.212e-05
0.125064
-3.54096e-05
0.125063
-2.97139e-05
0.125062
-2.48797e-05
0.125061
-2.07771e-05
0.12506
-1.72958e-05
0.125059
-1.43418e-05
0.125059
-1.18354e-05
0.125058
-9.7089e-06
0.125058
-7.90466e-06
0.125057
-6.37375e-06
0.125057
-5.07459e-06
0.125057
-3.97187e-06
0.125056
-3.03566e-06
0.125056
-2.24059e-06
0.125056
-1.5652e-06
0.125055
-9.9136e-07
0.125055
-5.03774e-07
0.125055
-8.96004e-08
0.125054
2.62008e-07
0.125054
5.60067e-07
0.125054
8.12167e-07
0.125054
1.02463e-06
0.125053
1.20275e-06
0.125053
1.35091e-06
0.125053
1.47281e-06
0.125053
1.57151e-06
0.125053
1.64959e-06
0.125052
1.70925e-06
0.125052
1.75234e-06
0.125052
1.78046e-06
0.125052
1.79503e-06
0.125051
1.79741e-06
0.125051
1.78902e-06
0.125051
1.77157e-06
0.125051
1.74733e-06
0.125051
1.71952e-06
0.125051
1.69278e-06
0.125051
1.67364e-06
0.125051
1.671e-06
0.12505
1.6964e-06
0.12505
1.76428e-06
0.12505
1.89188e-06
0.12505
2.09846e-06
0.12505
2.40323e-06
0.12505
2.82134e-06
0.12505
3.35776e-06
0.125049
4.00164e-06
0.125049
4.72114e-06
5.50857e-06
0.153835
-0.00977059
0.151257
-0.0113679
0.148481
-0.0125822
0.145601
-0.0133824
0.142749
-0.013744
0.140057
-0.013684
0.137614
-0.0132697
0.135463
-0.0125912
0.133615
-0.0117333
0.132058
-0.0107686
0.130766
-0.00975957
0.129705
-0.00875532
0.128841
-0.00778935
0.12814
-0.00688243
0.127573
-0.0060466
0.127114
-0.00528729
0.126743
-0.00460497
0.126443
-0.00399692
0.1262
-0.00345861
0.126002
-0.00298449
0.12584
-0.00256853
0.125709
-0.00220471
0.125601
-0.00188721
0.125513
-0.00161005
0.12544
-0.00136687
0.125381
-0.00115484
0.125335
-0.000980794
0.125298
-0.000844761
0.125267
-0.000733075
0.12524
-0.000636254
0.125217
-0.000550742
0.125197
-0.000474864
0.125178
-0.000407718
0.125162
-0.000348695
0.125148
-0.000297237
0.125136
-0.000252732
0.125125
-0.0002145
0.125116
-0.000181819
0.125107
-0.000153977
0.1251
-0.000130303
0.125094
-0.000110197
0.125089
-9.313e-05
0.125084
-7.86465e-05
0.12508
-6.63567e-05
0.125077
-5.5929e-05
0.125074
-4.70817e-05
0.125072
-3.95754e-05
0.125069
-3.32071e-05
0.125067
-2.78045e-05
0.125066
-2.32215e-05
0.125064
-1.93338e-05
0.125063
-1.60363e-05
0.125062
-1.32395e-05
0.125061
-1.08675e-05
0.12506
-8.85569e-06
0.125059
-7.14937e-06
0.125059
-5.70196e-06
0.125058
-4.47385e-06
0.125058
-3.43149e-06
0.125057
-2.54642e-06
0.125057
-1.79456e-06
0.125056
-1.15556e-06
0.125056
-6.12236e-07
0.125056
-1.50177e-07
0.125055
2.42743e-07
0.125055
5.76656e-07
0.125055
8.60021e-07
0.125054
1.09988e-06
0.125054
1.30209e-06
0.125054
1.47149e-06
0.125053
1.6121e-06
0.125053
1.72726e-06
0.125053
1.81973e-06
0.125053
1.89178e-06
0.125053
1.94533e-06
0.125052
1.98193e-06
0.125052
2.00285e-06
0.125052
2.00913e-06
0.125052
2.00164e-06
0.125051
1.98122e-06
0.125051
1.94892e-06
0.125051
1.9063e-06
0.125051
1.85602e-06
0.125051
1.80241e-06
0.125051
1.7523e-06
0.125051
1.71572e-06
0.125051
1.70649e-06
0.125051
1.74302e-06
0.125051
1.84893e-06
0.125051
2.05304e-06
0.125051
2.3877e-06
0.125051
2.88383e-06
0.125051
3.5626e-06
0.12505
4.42538e-06
0.125049
5.43879e-06
6.58259e-06
0.152199
-0.00782943
0.150021
-0.00918944
0.147668
-0.0102289
0.14522
-0.0109345
0.142775
-0.011299
0.140428
-0.0113373
0.138251
-0.0110922
0.136284
-0.0106241
0.134545
-0.00999461
0.133036
-0.00925959
0.131745
-0.0084682
0.13065
-0.00766123
0.12973
-0.00686901
0.12896
-0.00611222
0.128317
-0.00540416
0.127783
-0.00475239
0.127338
-0.00415997
0.126967
-0.00362676
0.126659
-0.00315057
0.126403
-0.00272794
0.126189
-0.00235471
0.126011
-0.00202639
0.125862
-0.00173844
0.125738
-0.00148587
0.125634
-0.00126339
0.125549
-0.00106984
0.125481
-0.000912501
0.125425
-0.000789015
0.125378
-0.000685605
0.125336
-0.000594953
0.1253
-0.000514408
0.125268
-0.000442777
0.12524
-0.000379403
0.125215
-0.000323792
0.125193
-0.000275434
0.125174
-0.000233732
0.125157
-0.000198012
0.125143
-0.00016756
0.125131
-0.000141677
0.12512
-0.000119714
0.125111
-0.000101093
0.125103
-8.53088e-05
0.125097
-7.19307e-05
0.125091
-6.05909e-05
0.125086
-5.09783e-05
0.125082
-4.28291e-05
0.125078
-3.59203e-05
0.125075
-3.00628e-05
0.125072
-2.50966e-05
0.12507
-2.08861e-05
0.125068
-1.73165e-05
0.125066
-1.42903e-05
0.125065
-1.1725e-05
0.125063
-9.55043e-06
0.125062
-7.707e-06
0.125061
-6.14413e-06
0.12506
-4.81886e-06
0.125059
-3.69457e-06
0.125059
-2.74027e-06
0.125058
-1.92979e-06
0.125058
-1.24095e-06
0.125057
-6.55e-07
0.125057
-1.5624e-07
0.125056
2.68525e-07
0.125056
6.3031e-07
0.125055
9.38288e-07
0.125055
1.20008e-06
0.125055
1.42197e-06
0.125055
1.60916e-06
0.125054
1.76589e-06
0.125054
1.89568e-06
0.125054
2.00138e-06
0.125053
2.08534e-06
0.125053
2.14949e-06
0.125053
2.19536e-06
0.125053
2.22418e-06
0.125052
2.23681e-06
0.125052
2.2338e-06
0.125052
2.2154e-06
0.125052
2.18162e-06
0.125052
2.13251e-06
0.125051
2.06847e-06
0.125051
1.99099e-06
0.125051
1.90348e-06
0.125051
1.81247e-06
0.125051
1.72861e-06
0.125051
1.66756e-06
0.125051
1.65153e-06
0.125051
1.71133e-06
0.125052
1.88786e-06
0.125052
2.23189e-06
0.125052
2.79849e-06
0.125052
3.6364e-06
0.125051
4.77228e-06
0.125051
6.17581e-06
7.80707e-06
0.15081
-0.00620228
0.148958
-0.00733791
0.146945
-0.00821577
0.144839
-0.00882896
0.142717
-0.00917626
0.140649
-0.00926948
0.138694
-0.00913717
0.13689
-0.00882018
0.135258
-0.00836302
0.133807
-0.00780811
0.132533
-0.00719406
0.131426
-0.00655411
0.130471
-0.00591446
0.129653
-0.00529412
0.128955
-0.00470609
0.128361
-0.00415859
0.127857
-0.00365595
0.12743
-0.00319956
0.127068
-0.0027888
0.126762
-0.00242174
0.126503
-0.0020956
0.126284
-0.0018072
0.126098
-0.00155319
0.125942
-0.00132947
0.125811
-0.00113195
0.125702
-0.000961691
0.125615
-0.000825215
0.125542
-0.000716335
0.12548
-0.000622823
0.125425
-0.000539858
0.125376
-0.000465764
0.125333
-0.000399821
0.125295
-0.000341588
0.125262
-0.000290662
0.125233
-0.00024656
0.125208
-0.000208691
0.125186
-0.000176382
0.125168
-0.000148937
0.125152
-0.000125681
0.125138
-0.000105996
0.125126
-8.93413e-05
0.125116
-7.52482e-05
0.125108
-6.33201e-05
0.1251
-5.32219e-05
0.125094
-4.46707e-05
0.125089
-3.74284e-05
0.125084
-3.12936e-05
0.12508
-2.60964e-05
0.125077
-2.16931e-05
0.125074
-1.79623e-05
0.125071
-1.48015e-05
0.125069
-1.21238e-05
0.125067
-9.85537e-06
0.125066
-7.93375e-06
0.125064
-6.30577e-06
0.125063
-4.92633e-06
0.125062
-3.75707e-06
0.125061
-2.7652e-06
0.12506
-1.92311e-06
0.125059
-1.20758e-06
0.125059
-5.98872e-07
0.125058
-8.03604e-08
0.125058
3.61787e-07
0.125057
7.39179e-07
0.125057
1.06142e-06
0.125056
1.33648e-06
0.125056
1.57089e-06
0.125056
1.77002e-06
0.125055
1.93823e-06
0.125055
2.07904e-06
0.125055
2.1953e-06
0.125054
2.28934e-06
0.125054
2.363e-06
0.125054
2.41778e-06
0.125054
2.45484e-06
0.125053
2.47501e-06
0.125053
2.47874e-06
0.125053
2.46603e-06
0.125053
2.43636e-06
0.125052
2.38872e-06
0.125052
2.32174e-06
0.125052
2.23414e-06
0.125052
2.12546e-06
0.125052
1.99739e-06
0.125052
1.8553e-06
0.125052
1.70973e-06
0.125052
1.57712e-06
0.125052
1.48256e-06
0.125052
1.46423e-06
0.125053
1.57699e-06
0.125053
1.8962e-06
0.125053
2.51138e-06
0.125053
3.51424e-06
0.125053
4.97774e-06
0.125052
6.88369e-06
9.17079e-06
0.149643
-0.00482529
0.148056
-0.00575071
0.146316
-0.00647558
0.144482
-0.00699496
0.142615
-0.00730898
0.140771
-0.0074262
0.139
-0.00736577
0.137335
-0.00715565
0.1358
-0.00682785
0.134407
-0.00641438
0.133158
-0.00594524
0.132051
-0.00544692
0.131077
-0.0049411
0.130227
-0.00444422
0.129489
-0.00396803
0.128851
-0.00352039
0.128301
-0.00310595
0.127828
-0.00272685
0.127423
-0.00238335
0.127076
-0.00207451
0.126779
-0.00179848
0.126524
-0.00155309
0.126308
-0.0013363
0.126123
-0.00114486
0.125967
-0.000976088
0.125839
-0.000834028
0.125735
-0.00072122
0.125647
-0.000627912
0.12557
-0.000545544
0.125502
-0.000471727
0.125441
-0.000405635
0.125389
-0.000346898
0.125342
-0.000295223
0.125302
-0.000250256
0.125267
-0.000211531
0.125236
-0.000178463
0.125211
-0.000150394
0.125188
-0.000126655
0.125169
-0.000106611
0.125153
-8.96967e-05
0.125139
-7.5419e-05
0.125127
-6.33609e-05
0.125117
-5.31717e-05
0.125108
-4.45574e-05
0.125101
-3.72719e-05
0.125095
-3.11082e-05
0.125089
-2.58924e-05
0.125084
-2.14776e-05
0.125081
-1.77401e-05
0.125077
-1.4576e-05
0.125074
-1.18979e-05
0.125072
-9.63121e-06
0.12507
-7.71288e-06
0.125068
-6.08932e-06
0.125066
-4.71499e-06
0.125065
-3.55128e-06
0.125064
-2.56528e-06
0.125063
-1.72851e-06
0.125062
-1.01774e-06
0.125061
-4.13116e-07
0.12506
1.02137e-07
0.12506
5.42067e-07
0.125059
9.18354e-07
0.125058
1.24066e-06
0.125058
1.51697e-06
0.125058
1.75383e-06
0.125057
1.95653e-06
0.125057
2.12934e-06
0.125057
2.27567e-06
0.125056
2.39819e-06
0.125056
2.49902e-06
0.125056
2.57983e-06
0.125055
2.64195e-06
0.125055
2.68642e-06
0.125055
2.714e-06
0.125055
2.72515e-06
0.125054
2.7199e-06
0.125054
2.69772e-06
0.125054
2.65726e-06
0.125054
2.59629e-06
0.125053
2.51169e-06
0.125053
2.39982e-06
0.125053
2.25747e-06
0.125053
2.08345e-06
0.125053
1.88104e-06
0.125053
1.65997e-06
0.125053
1.43575e-06
0.125054
1.23396e-06
0.125054
1.09964e-06
0.125054
1.1022e-06
0.125055
1.34797e-06
0.125055
1.97129e-06
0.125056
3.12436e-06
0.125056
4.95841e-06
0.125055
7.48783e-06
1.0653e-05
0.148684
-0.00364334
0.147306
-0.00437294
0.145783
-0.00495257
0.144165
-0.00537673
0.142501
-0.00564459
0.140836
-0.005762
0.139213
-0.00574245
0.137663
-0.00560572
0.13621
-0.00537484
0.134869
-0.00507337
0.133648
-0.00472387
0.132548
-0.00434673
0.131566
-0.00395904
0.130696
-0.0035742
0.12993
-0.0032021
0.129259
-0.00284961
0.128674
-0.00252108
0.128166
-0.00221877
0.127726
-0.00194336
0.127346
-0.00169442
0.127018
-0.00147045
0.126734
-0.00126982
0.126491
-0.00109254
0.126282
-0.00093654
0.126107
-0.000801177
0.125964
-0.000690234
0.125843
-0.000600504
0.125738
-0.000523062
0.125646
-0.000453527
0.125565
-0.000390863
0.125494
-0.000334754
0.125432
-0.000285012
0.125379
-0.000241437
0.125332
-0.000203733
0.125292
-0.000171471
0.125258
-0.000144097
0.125228
-0.000120998
0.125203
-0.000101559
0.125182
-8.52141e-05
0.125164
-7.14652e-05
0.125148
-5.989e-05
0.125135
-5.01349e-05
0.125124
-4.19065e-05
0.125114
-3.49608e-05
0.125106
-2.90949e-05
0.125099
-2.41389e-05
0.125093
-1.99502e-05
0.125088
-1.64086e-05
0.125084
-1.34128e-05
0.12508
-1.08796e-05
0.125077
-8.73871e-06
0.125074
-6.92968e-06
0.125072
-5.40097e-06
0.12507
-4.1089e-06
0.125068
-3.01619e-06
0.125067
-2.09169e-06
0.125065
-1.30926e-06
0.125064
-6.42229e-07
0.125063
-7.59918e-08
0.125062
4.07178e-07
0.125062
8.20223e-07
0.125061
1.17443e-06
0.12506
1.47893e-06
0.12506
1.74128e-06
0.12506
1.96767e-06
0.125059
2.16307e-06
0.125059
2.33142e-06
0.125058
2.4758e-06
0.125058
2.59856e-06
0.125058
2.70146e-06
0.125058
2.78582e-06
0.125057
2.85261e-06
0.125057
2.90259e-06
0.125057
2.93634e-06
0.125056
2.95426e-06
0.125056
2.9565e-06
0.125056
2.94276e-06
0.125056
2.91203e-06
0.125056
2.8622e-06
0.125055
2.78973e-06
0.125055
2.68948e-06
0.125055
2.55489e-06
0.125055
2.37897e-06
0.125055
2.15622e-06
0.125055
1.88619e-06
0.125055
1.57763e-06
0.125055
1.24375e-06
0.125055
9.06728e-07
0.125056
6.16202e-07
0.125057
4.53551e-07
0.125057
5.66379e-07
0.125058
1.13717e-06
0.125059
2.39131e-06
0.125059
4.60124e-06
0.125059
7.87578e-06
1.22474e-05
0.147939
-0.00262388
0.146741
-0.00317526
0.145404
-0.00361574
0.143967
-0.00393946
0.142468
-0.0041459
0.140947
-0.00424073
0.13944
-0.00423542
0.137979
-0.00414512
0.13659
-0.00398576
0.13529
-0.0037732
0.13409
-0.00352329
0.132994
-0.00325074
0.132003
-0.00296821
0.131114
-0.00268585
0.130324
-0.00241127
0.129624
-0.0021499
0.129008
-0.00190525
0.128468
-0.00167926
0.127998
-0.00147264
0.127588
-0.00128508
0.127233
-0.00111487
0.126924
-0.000961304
0.126658
-0.00082639
0.126432
-0.000709959
0.126242
-0.000611622
0.126081
-0.000529306
0.125941
-0.000459939
0.125817
-0.000399729
0.12571
-0.000345928
0.125616
-0.000297324
0.125535
-0.000253686
0.125465
-0.000214994
0.125405
-0.000181186
0.125353
-0.000152081
0.125309
-0.00012734
0.125271
-0.000106492
0.125239
-8.90117e-05
0.125212
-7.43805e-05
0.125189
-6.21314e-05
0.12517
-5.18637e-05
0.125153
-4.32432e-05
0.125139
-3.59952e-05
0.125127
-2.98939e-05
0.125117
-2.47536e-05
0.125108
-2.04204e-05
0.1251
-1.67661e-05
0.125094
-1.36828e-05
0.125089
-1.10789e-05
0.125084
-8.87816e-06
0.12508
-7.02259e-06
0.125077
-5.46002e-06
0.125074
-4.14374e-06
0.125072
-3.03453e-06
0.12507
-2.09902e-06
0.125068
-1.30699e-06
0.125067
-6.36053e-07
0.125066
-7.4032e-08
0.125065
4.18475e-07
0.125064
8.33237e-07
0.125063
1.1897e-06
0.125062
1.49667e-06
0.125062
1.76192e-06
0.125061
1.99205e-06
0.125061
2.19242e-06
0.12506
2.36728e-06
0.12506
2.51996e-06
0.12506
2.653e-06
0.125059
2.76823e-06
0.125059
2.86693e-06
0.125059
2.94988e-06
0.125059
3.01757e-06
0.125058
3.07026e-06
0.125058
3.10813e-06
0.125058
3.13132e-06
0.125058
3.13991e-06
0.125058
3.13387e-06
0.125057
3.11272e-06
0.125057
3.07518e-06
0.125057
3.01859e-06
0.125057
2.93827e-06
0.125057
2.827e-06
0.125057
2.67495e-06
0.125057
2.4705e-06
0.125057
2.2019e-06
0.125057
1.86104e-06
0.125057
1.45221e-06
0.125057
9.8343e-07
0.125057
4.83908e-07
0.125058
1.49925e-09
0.125059
-3.90676e-07
0.12506
-4.71116e-07
0.125061
-2.25512e-08
0.125062
1.24054e-06
0.125063
3.7185e-06
0.125063
7.82666e-06
1.39397e-05
0.147662
-0.00178756
0.146662
-0.00217504
0.145522
-0.00247606
0.14427
-0.00268696
0.142934
-0.00281028
0.141547
-0.0028537
0.140141
-0.00282909
0.138746
-0.0027506
0.137391
-0.00263012
0.136095
-0.0024774
0.134874
-0.00230285
0.13374
-0.00211656
0.132699
-0.00192664
0.131752
-0.00173921
0.130899
-0.00155865
0.130137
-0.00138793
0.129461
-0.00122885
0.128864
-0.0010823
0.12834
-0.000948558
0.127882
-0.00082736
0.127485
-0.000718206
0.127146
-0.000621703
0.126855
-0.00053597
0.126605
-0.000459125
0.126387
-0.000394293
0.126199
-0.000340639
0.126034
-0.000295574
0.125891
-0.00025661
0.125767
-0.000221815
0.12566
-0.000190216
0.125568
-0.000161644
0.125489
-0.000136215
0.125422
-0.000114027
0.125365
-9.50306e-05
0.125317
-7.90053e-05
0.125276
-6.56087e-05
0.125241
-5.44548e-05
0.125212
-4.51731e-05
0.125187
-3.74383e-05
0.125166
-3.09787e-05
0.125149
-2.55726e-05
0.125134
-2.10403e-05
0.125121
-1.72357e-05
0.12511
-1.40393e-05
0.125101
-1.13531e-05
0.125094
-9.09598e-06
0.125087
-7.199e-06
0.125082
-5.60036e-06
0.125077
-4.24559e-06
0.125073
-3.12194e-06
0.12507
-2.18731e-06
0.125067
-1.40621e-06
0.125065
-7.5112e-07
0.125063
-2.01734e-07
0.125061
2.72045e-07
0.12506
6.77647e-07
0.125059
1.02503e-06
0.125058
1.33021e-06
0.125057
1.5942e-06
0.125057
1.82407e-06
0.125056
2.02535e-06
0.125056
2.20229e-06
0.125055
2.3586e-06
0.125055
2.49737e-06
0.125055
2.62098e-06
0.125054
2.73121e-06
0.125054
2.82921e-06
0.125054
2.9156e-06
0.125054
2.99057e-06
0.125054
3.05397e-06
0.125054
3.10546e-06
0.125054
3.1446e-06
0.125054
3.171e-06
0.125054
3.18439e-06
0.125054
3.18466e-06
0.125054
3.17171e-06
0.125054
3.1452e-06
0.125054
3.10399e-06
0.125053
3.04538e-06
0.125053
2.96411e-06
0.125053
2.85132e-06
0.125053
2.69379e-06
0.125053
2.4747e-06
0.125053
2.17603e-06
0.125054
1.7786e-06
0.125054
1.26363e-06
0.125054
5.76234e-07
0.125055
-1.69404e-07
0.125056
-8.88255e-07
0.125057
-1.52494e-06
0.125058
-1.82545e-06
0.12506
-1.5027e-06
0.125061
-3.06734e-07
0.125063
2.07907e-06
0.125064
6.81681e-06
1.52093e-05
0.148639
-0.00137113
0.148021
-0.00155669
0.1472
-0.00165513
0.146191
-0.00167771
0.145022
-0.00164128
0.14373
-0.00156196
0.142354
-0.00145328
0.140931
-0.00132714
0.139495
-0.00119459
0.138082
-0.0010645
0.136722
-0.000941937
0.135434
-0.000829133
0.134234
-0.000726686
0.133129
-0.000634473
0.132123
-0.000551972
0.131213
-0.000478474
0.130398
-0.000413253
0.129671
-0.00035564
0.129027
-0.000305061
0.128461
-0.000261043
0.127966
-0.000223398
0.127538
-0.000193084
0.12717
-0.000168086
0.126856
-0.000145422
0.126587
-0.000125584
0.126356
-0.000109046
0.126155
-9.52018e-05
0.125982
-8.27976e-05
0.125831
-7.10326e-05
0.125701
-5.98649e-05
0.125589
-4.96358e-05
0.125493
-4.06612e-05
0.125412
-3.30678e-05
0.125344
-2.67982e-05
0.125286
-2.16813e-05
0.125238
-1.75116e-05
0.125198
-1.41005e-05
0.125164
-1.12955e-05
0.125136
-8.97852e-06
0.125112
-7.05839e-06
0.125092
-5.46387e-06
0.125075
-4.13822e-06
0.125061
-3.03567e-06
0.125049
-2.11928e-06
0.125039
-1.35979e-06
0.12503
-7.36337e-07
0.125023
-2.41656e-07
0.125018
1.20345e-07
0.125013
4.46364e-07
0.125009
6.70329e-07
0.125006
8.47512e-07
0.125004
9.99118e-07
0.125002
1.13429e-06
0.125
1.26226e-06
0.124999
1.39078e-06
0.124998
1.51915e-06
0.124998
1.64514e-06
0.124997
1.76761e-06
0.124997
1.88412e-06
0.124997
1.99245e-06
0.124997
2.09233e-06
0.124997
2.18412e-06
0.124997
2.2686e-06
0.124997
2.34675e-06
0.124997
2.41932e-06
0.124997
2.48671e-06
0.124998
2.54892e-06
0.124998
2.60555e-06
0.124998
2.65593e-06
0.124999
2.69913e-06
0.124999
2.73414e-06
0.125
2.75996e-06
0.125
2.77577e-06
0.125
2.78102e-06
0.125001
2.77551e-06
0.125001
2.75933e-06
0.125002
2.7326e-06
0.125002
2.69501e-06
0.125002
2.64491e-06
0.125003
2.57804e-06
0.125003
2.48577e-06
0.125003
2.35158e-06
0.125004
2.15014e-06
0.125004
1.84437e-06
0.125005
1.36281e-06
0.125005
5.95105e-07
0.125006
-5.97026e-07
0.125008
-1.79061e-06
0.12501
-2.66502e-06
0.125011
-3.14771e-06
0.125013
-3.07646e-06
0.125014
-2.43619e-06
0.125015
-1.4483e-06
0.125016
4.46784e-07
0.125019
4.12736e-06
1.238e-05
0.144142
0.142586
0.140931
0.139253
0.137612
0.13605
0.134596
0.133269
0.132075
0.13101
0.130068
0.129239
0.128512
0.127878
0.127326
0.126847
0.126434
0.126079
0.125773
0.125512
0.125289
0.125096
0.124928
0.124782
0.124657
0.124548
0.124453
0.12437
0.124299
0.124239
0.124189
0.124149
0.124116
0.124089
0.124067
0.12405
0.124035
0.124024
0.124015
0.124008
0.124003
0.123999
0.123995
0.123993
0.123992
0.123991
0.123991
0.123991
0.123992
0.123992
0.123993
0.123994
0.123995
0.123997
0.123998
0.123999
0.124001
0.124003
0.124005
0.124007
0.124009
0.124011
0.124013
0.124016
0.124018
0.124021
0.124023
0.124026
0.124028
0.124031
0.124034
0.124037
0.124039
0.124042
0.124045
0.124048
0.12405
0.124053
0.124056
0.124058
0.124061
0.124063
0.124065
0.124067
0.124068
0.124069
0.124068
0.124067
0.124064
0.124061
0.124058
0.124055
0.124054
0.124054
0.124058
)
;

boundaryField
{
    outlet
    {
        type            calculated;
        value           nonuniform List<scalar> 
40
(
0.124074
0.125022
0.125063
0.125061
0.125057
0.125054
0.125051
0.125049
0.125048
0.125048
0.125048
0.125047
0.125047
0.125047
0.125047
0.125047
0.125047
0.125047
0.125047
0.125047
0.125047
0.125047
0.125047
0.125047
0.125047
0.125047
0.125047
0.125047
0.125047
0.125047
0.125048
0.125048
0.125049
0.125051
0.125054
0.125057
0.125061
0.125063
0.125022
0.124071
)
;
    }
    inlet
    {
        type            calculated;
        value           uniform -0.125;
    }
    upperwall
    {
        type            calculated;
        value           uniform 0;
    }
    lowerwall
    {
        type            calculated;
        value           uniform 0;
    }
    column
    {
        type            calculated;
        value           uniform 0;
    }
    defaultFaces
    {
        type            empty;
        value           nonuniform List<scalar> 0();
    }
}


// ************************************************************************* //
