/*--------------------------------*- C++ -*----------------------------------*\
| =========                 |                                                 |
| \\      /  F ield         | OpenFOAM: The Open Source CFD Toolbox           |
|  \\    /   O peration     | Version:  2112                                  |
|   \\  /    A nd           | Website:  www.openfoam.com                      |
|    \\/     M anipulation  |                                                 |
\*---------------------------------------------------------------------------*/
FoamFile
{
    version     2.0;
    format      ascii;
    arch        "LSB;label=64;scalar=64";
    class       faceList;
    location    "constant/polyMesh";
    object      faces;
}
// * * * * * * * * * * * * * * * * * * * * * * * * * * * * * * * * * * * * * //


1228
(
4(1 6 31 26)
4(5 30 31 6)
4(2 7 32 27)
4(6 31 32 7)
4(3 8 33 28)
4(7 32 33 8)
4(8 33 34 9)
4(4 9 34 29)
4(6 11 36 31)
4(10 35 36 11)
4(7 12 37 32)
4(11 36 37 12)
4(8 13 38 33)
4(12 37 38 13)
4(13 38 39 14)
4(9 14 39 34)
4(11 16 41 36)
4(15 40 41 16)
4(12 17 42 37)
4(16 41 42 17)
4(13 18 43 38)
4(17 42 43 18)
4(18 43 44 19)
4(14 19 44 39)
4(16 21 46 41)
4(20 45 46 21)
4(17 22 47 42)
4(21 46 47 22)
4(18 23 48 43)
4(22 47 48 23)
4(23 48 49 24)
4(19 24 49 44)
4(21 51 61 46)
4(50 60 61 51)
4(22 52 62 47)
4(51 61 62 52)
4(23 53 63 48)
4(52 62 63 53)
4(53 63 64 54)
4(51 56 66 61)
4(55 65 66 56)
4(52 57 67 62)
4(56 66 67 57)
4(53 58 68 63)
4(57 67 68 58)
4(58 68 69 59)
4(56 71 91 66)
4(70 90 91 71)
4(57 72 92 67)
4(71 91 92 72)
4(58 73 93 68)
4(72 92 93 73)
4(73 93 94 74)
4(59 74 94 69)
4(71 76 96 91)
4(75 95 96 76)
4(72 77 97 92)
4(76 96 97 77)
4(73 78 98 93)
4(77 97 98 78)
4(78 98 99 79)
4(74 79 99 94)
4(76 81 101 96)
4(80 100 101 81)
4(77 82 102 97)
4(81 101 102 82)
4(78 83 103 98)
4(82 102 103 83)
4(83 103 104 84)
4(79 84 104 99)
4(81 86 106 101)
4(82 87 107 102)
4(83 88 108 103)
4(84 89 109 104)
4(110 112 122 120)
4(9 34 122 112)
4(112 122 123 113)
4(111 113 123 121)
4(112 114 124 122)
4(14 39 124 114)
4(114 124 125 115)
4(113 115 125 123)
4(114 116 126 124)
4(19 44 126 116)
4(116 126 127 117)
4(115 117 127 125)
4(116 118 128 126)
4(117 119 129 127)
4(130 132 142 140)
4(74 94 142 132)
4(132 142 143 133)
4(131 133 143 141)
4(132 134 144 142)
4(79 99 144 134)
4(134 144 145 135)
4(133 135 145 143)
4(134 136 146 144)
4(84 104 146 136)
4(136 146 147 137)
4(135 137 147 145)
4(136 138 148 146)
4(137 139 149 147)
4(150 174 294 270)
4(113 123 294 174)
4(151 175 295 271)
4(174 294 295 175)
4(152 176 296 272)
4(175 295 296 176)
4(153 177 297 273)
4(176 296 297 177)
4(154 178 298 274)
4(177 297 298 178)
4(155 179 299 275)
4(178 298 299 179)
4(156 180 300 276)
4(179 299 300 180)
4(157 181 301 277)
4(180 300 301 181)
4(158 182 302 278)
4(181 301 302 182)
4(159 183 303 279)
4(182 302 303 183)
4(160 184 304 280)
4(183 303 304 184)
4(161 185 305 281)
4(184 304 305 185)
4(162 186 306 282)
4(185 305 306 186)
4(163 187 307 283)
4(186 306 307 187)
4(164 188 308 284)
4(187 307 308 188)
4(165 189 309 285)
4(188 308 309 189)
4(166 190 310 286)
4(189 309 310 190)
4(167 191 311 287)
4(190 310 311 191)
4(168 192 312 288)
4(191 311 312 192)
4(169 193 313 289)
4(192 312 313 193)
4(170 194 314 290)
4(193 313 314 194)
4(171 195 315 291)
4(194 314 315 195)
4(172 196 316 292)
4(195 315 316 196)
4(196 316 317 197)
4(174 198 318 294)
4(115 125 318 198)
4(175 199 319 295)
4(198 318 319 199)
4(176 200 320 296)
4(199 319 320 200)
4(177 201 321 297)
4(200 320 321 201)
4(178 202 322 298)
4(201 321 322 202)
4(179 203 323 299)
4(202 322 323 203)
4(180 204 324 300)
4(203 323 324 204)
4(181 205 325 301)
4(204 324 325 205)
4(182 206 326 302)
4(205 325 326 206)
4(183 207 327 303)
4(206 326 327 207)
4(184 208 328 304)
4(207 327 328 208)
4(185 209 329 305)
4(208 328 329 209)
4(186 210 330 306)
4(209 329 330 210)
4(187 211 331 307)
4(210 330 331 211)
4(188 212 332 308)
4(211 331 332 212)
4(189 213 333 309)
4(212 332 333 213)
4(190 214 334 310)
4(213 333 334 214)
4(191 215 335 311)
4(214 334 335 215)
4(192 216 336 312)
4(215 335 336 216)
4(193 217 337 313)
4(216 336 337 217)
4(194 218 338 314)
4(217 337 338 218)
4(195 219 339 315)
4(218 338 339 219)
4(196 220 340 316)
4(219 339 340 220)
4(220 340 341 221)
4(198 222 342 318)
4(117 127 342 222)
4(199 223 343 319)
4(222 342 343 223)
4(200 224 344 320)
4(223 343 344 224)
4(201 225 345 321)
4(224 344 345 225)
4(202 226 346 322)
4(225 345 346 226)
4(203 227 347 323)
4(226 346 347 227)
4(204 228 348 324)
4(227 347 348 228)
4(205 229 349 325)
4(228 348 349 229)
4(206 230 350 326)
4(229 349 350 230)
4(207 231 351 327)
4(230 350 351 231)
4(208 232 352 328)
4(231 351 352 232)
4(209 233 353 329)
4(232 352 353 233)
4(210 234 354 330)
4(233 353 354 234)
4(211 235 355 331)
4(234 354 355 235)
4(212 236 356 332)
4(235 355 356 236)
4(213 237 357 333)
4(236 356 357 237)
4(214 238 358 334)
4(237 357 358 238)
4(215 239 359 335)
4(238 358 359 239)
4(216 240 360 336)
4(239 359 360 240)
4(217 241 361 337)
4(240 360 361 241)
4(218 242 362 338)
4(241 361 362 242)
4(219 243 363 339)
4(242 362 363 243)
4(220 244 364 340)
4(243 363 364 244)
4(244 364 365 245)
4(222 246 366 342)
4(119 129 366 246)
4(223 247 367 343)
4(246 366 367 247)
4(224 248 368 344)
4(247 367 368 248)
4(225 249 369 345)
4(248 368 369 249)
4(226 250 370 346)
4(249 369 370 250)
4(227 251 371 347)
4(250 370 371 251)
4(228 252 372 348)
4(251 371 372 252)
4(229 253 373 349)
4(252 372 373 253)
4(230 254 374 350)
4(253 373 374 254)
4(231 255 375 351)
4(254 374 375 255)
4(232 256 376 352)
4(255 375 376 256)
4(233 257 377 353)
4(256 376 377 257)
4(234 258 378 354)
4(257 377 378 258)
4(235 259 379 355)
4(258 378 379 259)
4(236 260 380 356)
4(259 379 380 260)
4(237 261 381 357)
4(260 380 381 261)
4(238 262 382 358)
4(261 381 382 262)
4(239 263 383 359)
4(262 382 383 263)
4(240 264 384 360)
4(263 383 384 264)
4(241 265 385 361)
4(264 384 385 265)
4(242 266 386 362)
4(265 385 386 266)
4(243 267 387 363)
4(266 386 387 267)
4(244 268 388 364)
4(267 387 388 268)
4(268 388 389 269)
4(246 391 440 366)
4(390 439 440 391)
4(247 392 441 367)
4(391 440 441 392)
4(248 393 442 368)
4(392 441 442 393)
4(249 394 443 369)
4(393 442 443 394)
4(250 395 444 370)
4(394 443 444 395)
4(251 396 445 371)
4(395 444 445 396)
4(252 397 446 372)
4(396 445 446 397)
4(253 398 447 373)
4(397 446 447 398)
4(254 399 448 374)
4(398 447 448 399)
4(255 400 449 375)
4(399 448 449 400)
4(256 401 450 376)
4(400 449 450 401)
4(257 402 451 377)
4(401 450 451 402)
4(258 403 452 378)
4(402 451 452 403)
4(259 404 453 379)
4(403 452 453 404)
4(260 405 454 380)
4(404 453 454 405)
4(261 406 455 381)
4(405 454 455 406)
4(262 407 456 382)
4(406 455 456 407)
4(263 408 457 383)
4(407 456 457 408)
4(264 409 458 384)
4(408 457 458 409)
4(265 410 459 385)
4(409 458 459 410)
4(266 411 460 386)
4(410 459 460 411)
4(267 412 461 387)
4(411 460 461 412)
4(268 413 462 388)
4(412 461 462 413)
4(413 462 463 414)
4(391 415 464 440)
4(131 141 464 415)
4(392 416 465 441)
4(415 464 465 416)
4(393 417 466 442)
4(416 465 466 417)
4(394 418 467 443)
4(417 466 467 418)
4(395 419 468 444)
4(418 467 468 419)
4(396 420 469 445)
4(419 468 469 420)
4(397 421 470 446)
4(420 469 470 421)
4(398 422 471 447)
4(421 470 471 422)
4(399 423 472 448)
4(422 471 472 423)
4(400 424 473 449)
4(423 472 473 424)
4(401 425 474 450)
4(424 473 474 425)
4(402 426 475 451)
4(425 474 475 426)
4(403 427 476 452)
4(426 475 476 427)
4(404 428 477 453)
4(427 476 477 428)
4(405 429 478 454)
4(428 477 478 429)
4(406 430 479 455)
4(429 478 479 430)
4(407 431 480 456)
4(430 479 480 431)
4(408 432 481 457)
4(431 480 481 432)
4(409 433 482 458)
4(432 481 482 433)
4(410 434 483 459)
4(433 482 483 434)
4(411 435 484 460)
4(434 483 484 435)
4(412 436 485 461)
4(435 484 485 436)
4(413 437 486 462)
4(436 485 486 437)
4(437 486 487 438)
4(415 488 584 464)
4(133 143 584 488)
4(416 489 585 465)
4(488 584 585 489)
4(417 490 586 466)
4(489 585 586 490)
4(418 491 587 467)
4(490 586 587 491)
4(419 492 588 468)
4(491 587 588 492)
4(420 493 589 469)
4(492 588 589 493)
4(421 494 590 470)
4(493 589 590 494)
4(422 495 591 471)
4(494 590 591 495)
4(423 496 592 472)
4(495 591 592 496)
4(424 497 593 473)
4(496 592 593 497)
4(425 498 594 474)
4(497 593 594 498)
4(426 499 595 475)
4(498 594 595 499)
4(427 500 596 476)
4(499 595 596 500)
4(428 501 597 477)
4(500 596 597 501)
4(429 502 598 478)
4(501 597 598 502)
4(430 503 599 479)
4(502 598 599 503)
4(431 504 600 480)
4(503 599 600 504)
4(432 505 601 481)
4(504 600 601 505)
4(433 506 602 482)
4(505 601 602 506)
4(434 507 603 483)
4(506 602 603 507)
4(435 508 604 484)
4(507 603 604 508)
4(436 509 605 485)
4(508 604 605 509)
4(437 510 606 486)
4(509 605 606 510)
4(510 606 607 511)
4(488 512 608 584)
4(135 145 608 512)
4(489 513 609 585)
4(512 608 609 513)
4(490 514 610 586)
4(513 609 610 514)
4(491 515 611 587)
4(514 610 611 515)
4(492 516 612 588)
4(515 611 612 516)
4(493 517 613 589)
4(516 612 613 517)
4(494 518 614 590)
4(517 613 614 518)
4(495 519 615 591)
4(518 614 615 519)
4(496 520 616 592)
4(519 615 616 520)
4(497 521 617 593)
4(520 616 617 521)
4(498 522 618 594)
4(521 617 618 522)
4(499 523 619 595)
4(522 618 619 523)
4(500 524 620 596)
4(523 619 620 524)
4(501 525 621 597)
4(524 620 621 525)
4(502 526 622 598)
4(525 621 622 526)
4(503 527 623 599)
4(526 622 623 527)
4(504 528 624 600)
4(527 623 624 528)
4(505 529 625 601)
4(528 624 625 529)
4(506 530 626 602)
4(529 625 626 530)
4(507 531 627 603)
4(530 626 627 531)
4(508 532 628 604)
4(531 627 628 532)
4(509 533 629 605)
4(532 628 629 533)
4(510 534 630 606)
4(533 629 630 534)
4(534 630 631 535)
4(512 536 632 608)
4(137 147 632 536)
4(513 537 633 609)
4(536 632 633 537)
4(514 538 634 610)
4(537 633 634 538)
4(515 539 635 611)
4(538 634 635 539)
4(516 540 636 612)
4(539 635 636 540)
4(517 541 637 613)
4(540 636 637 541)
4(518 542 638 614)
4(541 637 638 542)
4(519 543 639 615)
4(542 638 639 543)
4(520 544 640 616)
4(543 639 640 544)
4(521 545 641 617)
4(544 640 641 545)
4(522 546 642 618)
4(545 641 642 546)
4(523 547 643 619)
4(546 642 643 547)
4(524 548 644 620)
4(547 643 644 548)
4(525 549 645 621)
4(548 644 645 549)
4(526 550 646 622)
4(549 645 646 550)
4(527 551 647 623)
4(550 646 647 551)
4(528 552 648 624)
4(551 647 648 552)
4(529 553 649 625)
4(552 648 649 553)
4(530 554 650 626)
4(553 649 650 554)
4(531 555 651 627)
4(554 650 651 555)
4(532 556 652 628)
4(555 651 652 556)
4(533 557 653 629)
4(556 652 653 557)
4(534 558 654 630)
4(557 653 654 558)
4(558 654 655 559)
4(536 560 656 632)
4(537 561 657 633)
4(538 562 658 634)
4(539 563 659 635)
4(540 564 660 636)
4(541 565 661 637)
4(542 566 662 638)
4(543 567 663 639)
4(544 568 664 640)
4(545 569 665 641)
4(546 570 666 642)
4(547 571 667 643)
4(548 572 668 644)
4(549 573 669 645)
4(550 574 670 646)
4(551 575 671 647)
4(552 576 672 648)
4(553 577 673 649)
4(554 578 674 650)
4(555 579 675 651)
4(556 580 676 652)
4(557 581 677 653)
4(558 582 678 654)
4(173 197 317 293)
4(197 221 341 317)
4(221 245 365 341)
4(245 269 389 365)
4(269 414 463 389)
4(414 438 487 463)
4(438 511 607 487)
4(511 535 631 607)
4(535 559 655 631)
4(559 583 679 655)
4(0 25 30 5)
4(5 30 35 10)
4(10 35 40 15)
4(15 40 45 20)
4(20 45 60 50)
4(50 60 65 55)
4(55 65 90 70)
4(70 90 95 75)
4(75 95 100 80)
4(80 100 105 85)
4(139 149 656 560)
4(560 656 657 561)
4(561 657 658 562)
4(562 658 659 563)
4(563 659 660 564)
4(564 660 661 565)
4(565 661 662 566)
4(566 662 663 567)
4(567 663 664 568)
4(568 664 665 569)
4(569 665 666 570)
4(570 666 667 571)
4(571 667 668 572)
4(572 668 669 573)
4(573 669 670 574)
4(574 670 671 575)
4(575 671 672 576)
4(576 672 673 577)
4(577 673 674 578)
4(578 674 675 579)
4(579 675 676 580)
4(580 676 677 581)
4(581 677 678 582)
4(582 678 679 583)
4(89 109 148 138)
4(138 148 149 139)
4(85 105 106 86)
4(86 106 107 87)
4(87 107 108 88)
4(88 108 109 89)
4(0 1 26 25)
4(1 2 27 26)
4(2 3 28 27)
4(3 4 29 28)
4(4 110 120 29)
4(110 111 121 120)
4(111 150 270 121)
4(150 151 271 270)
4(151 152 272 271)
4(152 153 273 272)
4(153 154 274 273)
4(154 155 275 274)
4(155 156 276 275)
4(156 157 277 276)
4(157 158 278 277)
4(158 159 279 278)
4(159 160 280 279)
4(160 161 281 280)
4(161 162 282 281)
4(162 163 283 282)
4(163 164 284 283)
4(164 165 285 284)
4(165 166 286 285)
4(166 167 287 286)
4(167 168 288 287)
4(168 169 289 288)
4(169 170 290 289)
4(170 171 291 290)
4(171 172 292 291)
4(172 173 293 292)
4(24 54 64 49)
4(54 59 69 64)
4(59 130 140 69)
4(130 131 141 140)
4(24 49 128 118)
4(118 128 129 119)
4(119 129 439 390)
4(390 439 141 131)
4(0 5 6 1)
4(5 10 11 6)
4(10 15 16 11)
4(15 20 21 16)
4(1 6 7 2)
4(6 11 12 7)
4(11 16 17 12)
4(16 21 22 17)
4(2 7 8 3)
4(7 12 13 8)
4(12 17 18 13)
4(17 22 23 18)
4(3 8 9 4)
4(8 13 14 9)
4(13 18 19 14)
4(18 23 24 19)
4(25 26 31 30)
4(30 31 36 35)
4(35 36 41 40)
4(40 41 46 45)
4(26 27 32 31)
4(31 32 37 36)
4(36 37 42 41)
4(41 42 47 46)
4(27 28 33 32)
4(32 33 38 37)
4(37 38 43 42)
4(42 43 48 47)
4(28 29 34 33)
4(33 34 39 38)
4(38 39 44 43)
4(43 44 49 48)
4(20 50 51 21)
4(50 55 56 51)
4(21 51 52 22)
4(51 56 57 52)
4(22 52 53 23)
4(52 57 58 53)
4(23 53 54 24)
4(53 58 59 54)
4(45 46 61 60)
4(60 61 66 65)
4(46 47 62 61)
4(61 62 67 66)
4(47 48 63 62)
4(62 63 68 67)
4(48 49 64 63)
4(63 64 69 68)
4(55 70 71 56)
4(70 75 76 71)
4(75 80 81 76)
4(80 85 86 81)
4(56 71 72 57)
4(71 76 77 72)
4(76 81 82 77)
4(81 86 87 82)
4(57 72 73 58)
4(72 77 78 73)
4(77 82 83 78)
4(82 87 88 83)
4(58 73 74 59)
4(73 78 79 74)
4(78 83 84 79)
4(83 88 89 84)
4(65 66 91 90)
4(90 91 96 95)
4(95 96 101 100)
4(100 101 106 105)
4(66 67 92 91)
4(91 92 97 96)
4(96 97 102 101)
4(101 102 107 106)
4(67 68 93 92)
4(92 93 98 97)
4(97 98 103 102)
4(102 103 108 107)
4(68 69 94 93)
4(93 94 99 98)
4(98 99 104 103)
4(103 104 109 108)
4(4 9 112 110)
4(9 14 114 112)
4(14 19 116 114)
4(19 24 118 116)
4(110 112 113 111)
4(112 114 115 113)
4(114 116 117 115)
4(116 118 119 117)
4(29 120 122 34)
4(34 122 124 39)
4(39 124 126 44)
4(44 126 128 49)
4(120 121 123 122)
4(122 123 125 124)
4(124 125 127 126)
4(126 127 129 128)
4(59 74 132 130)
4(74 79 134 132)
4(79 84 136 134)
4(84 89 138 136)
4(130 132 133 131)
4(132 134 135 133)
4(134 136 137 135)
4(136 138 139 137)
4(69 140 142 94)
4(94 142 144 99)
4(99 144 146 104)
4(104 146 148 109)
4(140 141 143 142)
4(142 143 145 144)
4(144 145 147 146)
4(146 147 149 148)
4(111 113 174 150)
4(113 115 198 174)
4(115 117 222 198)
4(117 119 246 222)
4(150 174 175 151)
4(174 198 199 175)
4(198 222 223 199)
4(222 246 247 223)
4(151 175 176 152)
4(175 199 200 176)
4(199 223 224 200)
4(223 247 248 224)
4(152 176 177 153)
4(176 200 201 177)
4(200 224 225 201)
4(224 248 249 225)
4(153 177 178 154)
4(177 201 202 178)
4(201 225 226 202)
4(225 249 250 226)
4(154 178 179 155)
4(178 202 203 179)
4(202 226 227 203)
4(226 250 251 227)
4(155 179 180 156)
4(179 203 204 180)
4(203 227 228 204)
4(227 251 252 228)
4(156 180 181 157)
4(180 204 205 181)
4(204 228 229 205)
4(228 252 253 229)
4(157 181 182 158)
4(181 205 206 182)
4(205 229 230 206)
4(229 253 254 230)
4(158 182 183 159)
4(182 206 207 183)
4(206 230 231 207)
4(230 254 255 231)
4(159 183 184 160)
4(183 207 208 184)
4(207 231 232 208)
4(231 255 256 232)
4(160 184 185 161)
4(184 208 209 185)
4(208 232 233 209)
4(232 256 257 233)
4(161 185 186 162)
4(185 209 210 186)
4(209 233 234 210)
4(233 257 258 234)
4(162 186 187 163)
4(186 210 211 187)
4(210 234 235 211)
4(234 258 259 235)
4(163 187 188 164)
4(187 211 212 188)
4(211 235 236 212)
4(235 259 260 236)
4(164 188 189 165)
4(188 212 213 189)
4(212 236 237 213)
4(236 260 261 237)
4(165 189 190 166)
4(189 213 214 190)
4(213 237 238 214)
4(237 261 262 238)
4(166 190 191 167)
4(190 214 215 191)
4(214 238 239 215)
4(238 262 263 239)
4(167 191 192 168)
4(191 215 216 192)
4(215 239 240 216)
4(239 263 264 240)
4(168 192 193 169)
4(192 216 217 193)
4(216 240 241 217)
4(240 264 265 241)
4(169 193 194 170)
4(193 217 218 194)
4(217 241 242 218)
4(241 265 266 242)
4(170 194 195 171)
4(194 218 219 195)
4(218 242 243 219)
4(242 266 267 243)
4(171 195 196 172)
4(195 219 220 196)
4(219 243 244 220)
4(243 267 268 244)
4(172 196 197 173)
4(196 220 221 197)
4(220 244 245 221)
4(244 268 269 245)
4(121 270 294 123)
4(123 294 318 125)
4(125 318 342 127)
4(127 342 366 129)
4(270 271 295 294)
4(294 295 319 318)
4(318 319 343 342)
4(342 343 367 366)
4(271 272 296 295)
4(295 296 320 319)
4(319 320 344 343)
4(343 344 368 367)
4(272 273 297 296)
4(296 297 321 320)
4(320 321 345 344)
4(344 345 369 368)
4(273 274 298 297)
4(297 298 322 321)
4(321 322 346 345)
4(345 346 370 369)
4(274 275 299 298)
4(298 299 323 322)
4(322 323 347 346)
4(346 347 371 370)
4(275 276 300 299)
4(299 300 324 323)
4(323 324 348 347)
4(347 348 372 371)
4(276 277 301 300)
4(300 301 325 324)
4(324 325 349 348)
4(348 349 373 372)
4(277 278 302 301)
4(301 302 326 325)
4(325 326 350 349)
4(349 350 374 373)
4(278 279 303 302)
4(302 303 327 326)
4(326 327 351 350)
4(350 351 375 374)
4(279 280 304 303)
4(303 304 328 327)
4(327 328 352 351)
4(351 352 376 375)
4(280 281 305 304)
4(304 305 329 328)
4(328 329 353 352)
4(352 353 377 376)
4(281 282 306 305)
4(305 306 330 329)
4(329 330 354 353)
4(353 354 378 377)
4(282 283 307 306)
4(306 307 331 330)
4(330 331 355 354)
4(354 355 379 378)
4(283 284 308 307)
4(307 308 332 331)
4(331 332 356 355)
4(355 356 380 379)
4(284 285 309 308)
4(308 309 333 332)
4(332 333 357 356)
4(356 357 381 380)
4(285 286 310 309)
4(309 310 334 333)
4(333 334 358 357)
4(357 358 382 381)
4(286 287 311 310)
4(310 311 335 334)
4(334 335 359 358)
4(358 359 383 382)
4(287 288 312 311)
4(311 312 336 335)
4(335 336 360 359)
4(359 360 384 383)
4(288 289 313 312)
4(312 313 337 336)
4(336 337 361 360)
4(360 361 385 384)
4(289 290 314 313)
4(313 314 338 337)
4(337 338 362 361)
4(361 362 386 385)
4(290 291 315 314)
4(314 315 339 338)
4(338 339 363 362)
4(362 363 387 386)
4(291 292 316 315)
4(315 316 340 339)
4(339 340 364 363)
4(363 364 388 387)
4(292 293 317 316)
4(316 317 341 340)
4(340 341 365 364)
4(364 365 389 388)
4(119 390 391 246)
4(390 131 415 391)
4(246 391 392 247)
4(391 415 416 392)
4(247 392 393 248)
4(392 416 417 393)
4(248 393 394 249)
4(393 417 418 394)
4(249 394 395 250)
4(394 418 419 395)
4(250 395 396 251)
4(395 419 420 396)
4(251 396 397 252)
4(396 420 421 397)
4(252 397 398 253)
4(397 421 422 398)
4(253 398 399 254)
4(398 422 423 399)
4(254 399 400 255)
4(399 423 424 400)
4(255 400 401 256)
4(400 424 425 401)
4(256 401 402 257)
4(401 425 426 402)
4(257 402 403 258)
4(402 426 427 403)
4(258 403 404 259)
4(403 427 428 404)
4(259 404 405 260)
4(404 428 429 405)
4(260 405 406 261)
4(405 429 430 406)
4(261 406 407 262)
4(406 430 431 407)
4(262 407 408 263)
4(407 431 432 408)
4(263 408 409 264)
4(408 432 433 409)
4(264 409 410 265)
4(409 433 434 410)
4(265 410 411 266)
4(410 434 435 411)
4(266 411 412 267)
4(411 435 436 412)
4(267 412 413 268)
4(412 436 437 413)
4(268 413 414 269)
4(413 437 438 414)
4(129 366 440 439)
4(439 440 464 141)
4(366 367 441 440)
4(440 441 465 464)
4(367 368 442 441)
4(441 442 466 465)
4(368 369 443 442)
4(442 443 467 466)
4(369 370 444 443)
4(443 444 468 467)
4(370 371 445 444)
4(444 445 469 468)
4(371 372 446 445)
4(445 446 470 469)
4(372 373 447 446)
4(446 447 471 470)
4(373 374 448 447)
4(447 448 472 471)
4(374 375 449 448)
4(448 449 473 472)
4(375 376 450 449)
4(449 450 474 473)
4(376 377 451 450)
4(450 451 475 474)
4(377 378 452 451)
4(451 452 476 475)
4(378 379 453 452)
4(452 453 477 476)
4(379 380 454 453)
4(453 454 478 477)
4(380 381 455 454)
4(454 455 479 478)
4(381 382 456 455)
4(455 456 480 479)
4(382 383 457 456)
4(456 457 481 480)
4(383 384 458 457)
4(457 458 482 481)
4(384 385 459 458)
4(458 459 483 482)
4(385 386 460 459)
4(459 460 484 483)
4(386 387 461 460)
4(460 461 485 484)
4(387 388 462 461)
4(461 462 486 485)
4(388 389 463 462)
4(462 463 487 486)
4(131 133 488 415)
4(133 135 512 488)
4(135 137 536 512)
4(137 139 560 536)
4(415 488 489 416)
4(488 512 513 489)
4(512 536 537 513)
4(536 560 561 537)
4(416 489 490 417)
4(489 513 514 490)
4(513 537 538 514)
4(537 561 562 538)
4(417 490 491 418)
4(490 514 515 491)
4(514 538 539 515)
4(538 562 563 539)
4(418 491 492 419)
4(491 515 516 492)
4(515 539 540 516)
4(539 563 564 540)
4(419 492 493 420)
4(492 516 517 493)
4(516 540 541 517)
4(540 564 565 541)
4(420 493 494 421)
4(493 517 518 494)
4(517 541 542 518)
4(541 565 566 542)
4(421 494 495 422)
4(494 518 519 495)
4(518 542 543 519)
4(542 566 567 543)
4(422 495 496 423)
4(495 519 520 496)
4(519 543 544 520)
4(543 567 568 544)
4(423 496 497 424)
4(496 520 521 497)
4(520 544 545 521)
4(544 568 569 545)
4(424 497 498 425)
4(497 521 522 498)
4(521 545 546 522)
4(545 569 570 546)
4(425 498 499 426)
4(498 522 523 499)
4(522 546 547 523)
4(546 570 571 547)
4(426 499 500 427)
4(499 523 524 500)
4(523 547 548 524)
4(547 571 572 548)
4(427 500 501 428)
4(500 524 525 501)
4(524 548 549 525)
4(548 572 573 549)
4(428 501 502 429)
4(501 525 526 502)
4(525 549 550 526)
4(549 573 574 550)
4(429 502 503 430)
4(502 526 527 503)
4(526 550 551 527)
4(550 574 575 551)
4(430 503 504 431)
4(503 527 528 504)
4(527 551 552 528)
4(551 575 576 552)
4(431 504 505 432)
4(504 528 529 505)
4(528 552 553 529)
4(552 576 577 553)
4(432 505 506 433)
4(505 529 530 506)
4(529 553 554 530)
4(553 577 578 554)
4(433 506 507 434)
4(506 530 531 507)
4(530 554 555 531)
4(554 578 579 555)
4(434 507 508 435)
4(507 531 532 508)
4(531 555 556 532)
4(555 579 580 556)
4(435 508 509 436)
4(508 532 533 509)
4(532 556 557 533)
4(556 580 581 557)
4(436 509 510 437)
4(509 533 534 510)
4(533 557 558 534)
4(557 581 582 558)
4(437 510 511 438)
4(510 534 535 511)
4(534 558 559 535)
4(558 582 583 559)
4(141 464 584 143)
4(143 584 608 145)
4(145 608 632 147)
4(147 632 656 149)
4(464 465 585 584)
4(584 585 609 608)
4(608 609 633 632)
4(632 633 657 656)
4(465 466 586 585)
4(585 586 610 609)
4(609 610 634 633)
4(633 634 658 657)
4(466 467 587 586)
4(586 587 611 610)
4(610 611 635 634)
4(634 635 659 658)
4(467 468 588 587)
4(587 588 612 611)
4(611 612 636 635)
4(635 636 660 659)
4(468 469 589 588)
4(588 589 613 612)
4(612 613 637 636)
4(636 637 661 660)
4(469 470 590 589)
4(589 590 614 613)
4(613 614 638 637)
4(637 638 662 661)
4(470 471 591 590)
4(590 591 615 614)
4(614 615 639 638)
4(638 639 663 662)
4(471 472 592 591)
4(591 592 616 615)
4(615 616 640 639)
4(639 640 664 663)
4(472 473 593 592)
4(592 593 617 616)
4(616 617 641 640)
4(640 641 665 664)
4(473 474 594 593)
4(593 594 618 617)
4(617 618 642 641)
4(641 642 666 665)
4(474 475 595 594)
4(594 595 619 618)
4(618 619 643 642)
4(642 643 667 666)
4(475 476 596 595)
4(595 596 620 619)
4(619 620 644 643)
4(643 644 668 667)
4(476 477 597 596)
4(596 597 621 620)
4(620 621 645 644)
4(644 645 669 668)
4(477 478 598 597)
4(597 598 622 621)
4(621 622 646 645)
4(645 646 670 669)
4(478 479 599 598)
4(598 599 623 622)
4(622 623 647 646)
4(646 647 671 670)
4(479 480 600 599)
4(599 600 624 623)
4(623 624 648 647)
4(647 648 672 671)
4(480 481 601 600)
4(600 601 625 624)
4(624 625 649 648)
4(648 649 673 672)
4(481 482 602 601)
4(601 602 626 625)
4(625 626 650 649)
4(649 650 674 673)
4(482 483 603 602)
4(602 603 627 626)
4(626 627 651 650)
4(650 651 675 674)
4(483 484 604 603)
4(603 604 628 627)
4(627 628 652 651)
4(651 652 676 675)
4(484 485 605 604)
4(604 605 629 628)
4(628 629 653 652)
4(652 653 677 676)
4(485 486 606 605)
4(605 606 630 629)
4(629 630 654 653)
4(653 654 678 677)
4(486 487 607 606)
4(606 607 631 630)
4(630 631 655 654)
4(654 655 679 678)
)


// ************************************************************************* //
