/*--------------------------------*- C++ -*----------------------------------*\
| =========                 |                                                 |
| \\      /  F ield         | OpenFOAM: The Open Source CFD Toolbox           |
|  \\    /   O peration     | Version:  2112                                  |
|   \\  /    A nd           | Website:  www.openfoam.com                      |
|    \\/     M anipulation  |                                                 |
\*---------------------------------------------------------------------------*/
FoamFile
{
    version     2.0;
    format      ascii;
    arch        "LSB;label=64;scalar=64";
    note        "nPoints:680  nCells:296  nFaces:1228  nInternalFaces:548";
    class       labelList;
    location    "constant/polyMesh";
    object      neighbour;
}
// * * * * * * * * * * * * * * * * * * * * * * * * * * * * * * * * * * * * * //


548
(
1
4
2
5
3
6
7
40
5
8
6
9
7
10
11
42
9
12
10
13
11
14
15
44
13
16
14
17
15
18
19
46
17
20
18
21
19
22
23
21
24
22
25
23
26
27
25
28
26
29
27
30
31
48
29
32
30
33
31
34
35
50
33
36
34
37
35
38
39
52
37
38
39
54
41
42
43
56
43
44
45
80
45
46
47
104
47
128
49
50
51
200
51
52
53
224
53
54
55
248
55
272
57
80
58
81
59
82
60
83
61
84
62
85
63
86
64
87
65
88
66
89
67
90
68
91
69
92
70
93
71
94
72
95
73
96
74
97
75
98
76
99
77
100
78
101
79
102
103
81
104
82
105
83
106
84
107
85
108
86
109
87
110
88
111
89
112
90
113
91
114
92
115
93
116
94
117
95
118
96
119
97
120
98
121
99
122
100
123
101
124
102
125
103
126
127
105
128
106
129
107
130
108
131
109
132
110
133
111
134
112
135
113
136
114
137
115
138
116
139
117
140
118
141
119
142
120
143
121
144
122
145
123
146
124
147
125
148
126
149
127
150
151
129
152
130
153
131
154
132
155
133
156
134
157
135
158
136
159
137
160
138
161
139
162
140
163
141
164
142
165
143
166
144
167
145
168
146
169
147
170
148
171
149
172
150
173
151
174
175
153
176
154
177
155
178
156
179
157
180
158
181
159
182
160
183
161
184
162
185
163
186
164
187
165
188
166
189
167
190
168
191
169
192
170
193
171
194
172
195
173
196
174
197
175
198
199
177
200
178
201
179
202
180
203
181
204
182
205
183
206
184
207
185
208
186
209
187
210
188
211
189
212
190
213
191
214
192
215
193
216
194
217
195
218
196
219
197
220
198
221
199
222
223
201
224
202
225
203
226
204
227
205
228
206
229
207
230
208
231
209
232
210
233
211
234
212
235
213
236
214
237
215
238
216
239
217
240
218
241
219
242
220
243
221
244
222
245
223
246
247
225
248
226
249
227
250
228
251
229
252
230
253
231
254
232
255
233
256
234
257
235
258
236
259
237
260
238
261
239
262
240
263
241
264
242
265
243
266
244
267
245
268
246
269
247
270
271
249
272
250
273
251
274
252
275
253
276
254
277
255
278
256
279
257
280
258
281
259
282
260
283
261
284
262
285
263
286
264
287
265
288
266
289
267
290
268
291
269
292
270
293
271
294
295
273
274
275
276
277
278
279
280
281
282
283
284
285
286
287
288
289
290
291
292
293
294
295
)


// ************************************************************************* //
