/*--------------------------------*- C++ -*----------------------------------*\
| =========                 |                                                 |
| \\      /  F ield         | OpenFOAM: The Open Source CFD Toolbox           |
|  \\    /   O peration     | Version:  plus                                  |
|   \\  /    A nd           | Website:  www.openfoam.com                      |
|    \\/     M anipulation  |                                                 |
\*---------------------------------------------------------------------------*/
FoamFile
{
    version     2.0;
    format      ascii;
    class       labelList;
    note        "nPoints:8418  nCells:6688  nFaces:21710  nInternalFaces:18418";
    location    "constant/solid/polyMesh";
    object      neighbour;
}
// * * * * * * * * * * * * * * * * * * * * * * * * * * * * * * * * * * * * * //


18418
(
1
22
352
2
23
353
3
24
354
4
25
355
5
26
356
6
27
357
7
28
358
8
29
359
9
30
360
10
31
361
11
32
362
12
33
363
13
34
364
14
35
365
15
36
366
16
37
367
17
38
368
18
39
369
19
40
370
20
41
371
21
42
372
43
373
23
44
374
24
45
375
25
46
376
26
47
377
27
48
378
28
49
379
29
50
380
30
51
381
31
52
382
32
53
383
33
54
384
34
55
385
35
56
386
36
57
387
37
58
388
38
59
389
39
60
390
40
61
391
41
62
392
42
63
393
43
64
394
65
395
45
66
396
46
67
397
47
68
398
48
69
399
49
70
400
50
71
401
51
72
402
52
73
403
53
74
404
54
75
405
55
76
406
56
77
407
57
78
408
58
79
409
59
80
410
60
81
411
61
82
412
62
83
413
63
84
414
64
85
415
65
86
416
87
417
67
88
418
68
89
419
69
90
420
70
91
421
71
92
422
72
93
423
73
94
424
74
95
425
75
96
426
76
97
427
77
98
428
78
99
429
79
100
430
80
101
431
81
102
432
82
103
433
83
104
434
84
105
435
85
106
436
86
107
437
87
108
438
109
439
89
110
440
90
111
441
91
112
442
92
113
443
93
114
444
94
115
445
95
116
446
96
117
447
97
118
448
98
119
449
99
120
450
100
121
451
101
122
452
102
123
453
103
124
454
104
125
455
105
126
456
106
127
457
107
128
458
108
129
459
109
130
460
131
461
111
132
462
112
133
463
113
134
464
114
135
465
115
136
466
116
137
467
117
138
468
118
139
469
119
140
470
120
141
471
121
142
472
122
143
473
123
144
474
124
145
475
125
146
476
126
147
477
127
148
478
128
149
479
129
150
480
130
151
481
131
152
482
153
483
133
154
484
134
155
485
135
156
486
136
157
487
137
158
488
138
159
489
139
160
490
140
161
491
141
162
492
142
163
493
143
164
494
144
165
495
145
166
496
146
167
497
147
168
498
148
169
499
149
170
500
150
171
501
151
172
502
152
173
503
153
174
504
175
505
155
176
506
156
177
507
157
178
508
158
179
509
159
180
510
160
181
511
161
182
512
162
183
513
163
184
514
164
185
515
165
186
516
166
187
517
167
188
518
168
189
519
169
190
520
170
191
521
171
192
522
172
193
523
173
194
524
174
195
525
175
196
526
197
527
177
198
528
178
199
529
179
200
530
180
201
531
181
202
532
182
203
533
183
204
534
184
205
535
185
206
536
186
207
537
187
208
538
188
209
539
189
210
540
190
211
541
191
212
542
192
213
543
193
214
544
194
215
545
195
216
546
196
217
547
197
218
548
219
549
199
220
550
200
221
551
201
222
552
202
223
553
203
224
554
204
225
555
205
226
556
206
227
557
207
228
558
208
229
559
209
230
560
210
231
561
211
232
562
212
233
563
213
234
564
214
235
565
215
236
566
216
237
567
217
238
568
218
239
569
219
240
570
241
571
221
242
572
222
243
573
223
244
574
224
245
575
225
246
576
226
247
577
227
248
578
228
249
579
229
250
580
230
251
581
231
252
582
232
253
583
233
254
584
234
255
585
235
256
586
236
257
587
237
258
588
238
259
589
239
260
590
240
261
591
241
262
592
263
593
243
264
594
244
265
595
245
266
596
246
267
597
247
268
598
248
269
599
249
270
600
250
271
601
251
272
602
252
273
603
253
274
604
254
275
605
255
276
606
256
277
607
257
278
608
258
279
609
259
280
610
260
281
611
261
282
612
262
283
613
263
284
614
285
615
265
286
616
266
287
617
267
288
618
268
289
619
269
290
620
270
291
621
271
292
622
272
293
623
273
294
624
274
295
625
275
296
626
276
297
627
277
298
628
278
299
629
279
300
630
280
301
631
281
302
632
282
303
633
283
304
634
284
305
635
285
306
636
307
637
287
308
638
288
309
639
289
310
640
290
311
641
291
312
642
292
313
643
293
314
644
294
315
645
295
316
646
296
317
647
297
318
648
298
319
649
299
320
650
300
321
651
301
322
652
302
323
653
303
324
654
304
325
655
305
326
656
306
327
657
307
328
658
329
659
309
330
660
310
331
661
311
332
662
312
333
663
313
334
664
314
335
665
315
336
666
316
337
667
317
338
668
318
339
669
319
340
670
320
341
671
321
342
672
322
343
673
323
344
674
324
345
675
325
346
676
326
347
677
327
348
678
328
349
679
329
350
680
351
681
331
682
4576
332
683
4577
333
684
4578
334
685
4579
335
686
4580
336
687
4581
337
688
4582
338
689
4583
339
690
4584
340
691
4585
341
692
4586
342
693
4587
343
694
4588
344
695
4589
345
696
4590
346
697
4591
347
698
4592
348
699
4593
349
700
4594
350
701
4595
351
702
4596
703
4597
353
374
704
354
375
705
355
376
706
356
377
707
357
378
708
358
379
709
359
380
710
360
381
711
361
382
712
362
383
713
363
384
714
364
385
715
365
386
716
366
387
717
367
388
718
368
389
719
369
390
720
370
391
721
371
392
722
372
393
723
373
394
724
395
725
375
396
726
376
397
727
377
398
728
378
399
729
379
400
730
380
401
731
381
402
732
382
403
733
383
404
734
384
405
735
385
406
736
386
407
737
387
408
738
388
409
739
389
410
740
390
411
741
391
412
742
392
413
743
393
414
744
394
415
745
395
416
746
417
747
397
418
748
398
419
749
399
420
750
400
421
751
401
422
752
402
423
753
403
424
754
404
425
755
405
426
756
406
427
757
407
428
758
408
429
759
409
430
760
410
431
761
411
432
762
412
433
763
413
434
764
414
435
765
415
436
766
416
437
767
417
438
768
439
769
419
440
770
420
441
771
421
442
772
422
443
773
423
444
774
424
445
775
425
446
776
426
447
777
427
448
778
428
449
779
429
450
780
430
451
781
431
452
782
432
453
783
433
454
784
434
455
785
435
456
786
436
457
787
437
458
788
438
459
789
439
460
790
461
791
441
462
792
442
463
793
443
464
794
444
465
795
445
466
796
446
467
797
447
468
798
448
469
799
449
470
800
450
471
801
451
472
802
452
473
803
453
474
804
454
475
805
455
476
806
456
477
807
457
478
808
458
479
809
459
480
810
460
481
811
461
482
812
483
813
463
484
814
464
485
815
465
486
816
466
487
817
467
488
818
468
489
819
469
490
820
470
491
821
471
492
822
472
493
823
473
494
824
474
495
825
475
496
826
476
497
827
477
498
828
478
499
829
479
500
830
480
501
831
481
502
832
482
503
833
483
504
834
505
835
485
506
836
486
507
837
487
508
838
488
509
839
489
510
840
490
511
841
491
512
842
492
513
843
493
514
844
494
515
845
495
516
846
496
517
847
497
518
848
498
519
849
499
520
850
500
521
851
501
522
852
502
523
853
503
524
854
504
525
855
505
526
856
527
857
507
528
858
508
529
859
509
530
860
510
531
861
511
532
862
512
533
863
513
534
864
514
535
865
515
536
866
516
537
867
517
538
868
518
539
869
519
540
870
520
541
871
521
542
872
522
543
873
523
544
874
524
545
875
525
546
876
526
547
877
527
548
878
549
879
529
550
880
530
551
881
531
552
882
532
553
883
533
554
884
534
555
885
535
556
886
536
557
887
537
558
888
538
559
889
539
560
890
540
561
891
541
562
892
542
563
893
543
564
894
544
565
895
545
566
896
546
567
897
547
568
898
548
569
899
549
570
900
571
901
551
572
902
552
573
903
553
574
904
554
575
905
555
576
906
556
577
907
557
578
908
558
579
909
559
580
910
560
581
911
561
582
912
562
583
913
563
584
914
564
585
915
565
586
916
566
587
917
567
588
918
568
589
919
569
590
920
570
591
921
571
592
922
593
923
573
594
924
574
595
925
575
596
926
576
597
927
577
598
928
578
599
929
579
600
930
580
601
931
581
602
932
582
603
933
583
604
934
584
605
935
585
606
936
586
607
937
587
608
938
588
609
939
589
610
940
590
611
941
591
612
942
592
613
943
593
614
944
615
945
595
616
946
596
617
947
597
618
948
598
619
949
599
620
950
600
621
951
601
622
952
602
623
953
603
624
954
604
625
955
605
626
956
606
627
957
607
628
958
608
629
959
609
630
960
610
631
961
611
632
962
612
633
963
613
634
964
614
635
965
615
636
966
637
967
617
638
968
618
639
969
619
640
970
620
641
971
621
642
972
622
643
973
623
644
974
624
645
975
625
646
976
626
647
977
627
648
978
628
649
979
629
650
980
630
651
981
631
652
982
632
653
983
633
654
984
634
655
985
635
656
986
636
657
987
637
658
988
659
989
639
660
990
640
661
991
641
662
992
642
663
993
643
664
994
644
665
995
645
666
996
646
667
997
647
668
998
648
669
999
649
670
1000
650
671
1001
651
672
1002
652
673
1003
653
674
1004
654
675
1005
655
676
1006
656
677
1007
657
678
1008
658
679
1009
659
680
1010
681
1011
661
682
1012
662
683
1013
663
684
1014
664
685
1015
665
686
1016
666
687
1017
667
688
1018
668
689
1019
669
690
1020
670
691
1021
671
692
1022
672
693
1023
673
694
1024
674
695
1025
675
696
1026
676
697
1027
677
698
1028
678
699
1029
679
700
1030
680
701
1031
681
702
1032
703
1033
683
1034
4928
684
1035
4929
685
1036
4930
686
1037
4931
687
1038
4932
688
1039
4933
689
1040
4934
690
1041
4935
691
1042
4936
692
1043
4937
693
1044
4938
694
1045
4939
695
1046
4940
696
1047
4941
697
1048
4942
698
1049
4943
699
1050
4944
700
1051
4945
701
1052
4946
702
1053
4947
703
1054
4948
1055
4949
705
726
706
727
707
728
708
729
709
730
710
731
711
732
712
733
713
734
714
735
715
736
716
737
717
738
718
739
719
740
720
741
721
742
722
743
723
744
724
745
725
746
747
727
748
728
749
729
750
730
751
731
752
732
753
733
754
734
755
735
756
736
757
737
758
738
759
739
760
740
761
741
762
742
763
743
764
744
765
745
766
746
767
747
768
769
749
770
750
771
751
772
752
773
753
774
754
775
755
776
756
777
757
778
758
779
759
780
760
781
761
782
762
783
763
784
764
785
765
786
766
787
767
788
768
789
769
790
791
771
792
772
793
773
794
774
795
775
796
776
797
777
798
778
799
779
800
780
801
781
802
782
803
783
804
784
805
785
806
786
807
787
808
788
809
789
810
790
811
791
812
813
793
814
794
815
795
816
796
817
797
818
798
819
799
820
800
821
801
822
802
823
803
824
804
825
805
826
806
827
807
828
808
829
809
830
810
831
811
832
812
833
813
834
835
815
836
816
837
817
838
818
839
819
840
820
841
821
842
822
843
823
844
824
845
825
846
826
847
827
848
828
849
829
850
830
851
831
852
832
853
833
854
834
855
835
856
857
837
858
838
859
839
860
840
861
841
862
842
863
843
864
844
865
845
866
846
867
847
868
848
869
849
870
850
871
851
872
852
873
853
874
854
875
855
876
856
877
857
878
879
859
880
860
881
861
882
862
883
863
884
864
885
865
886
866
887
867
888
868
889
869
890
870
891
871
892
872
893
873
894
874
895
875
896
876
897
877
898
878
899
879
900
901
881
902
882
903
883
904
884
905
885
906
886
907
887
908
888
909
889
910
890
911
891
912
892
913
893
914
894
915
895
916
896
917
897
918
898
919
899
920
900
921
901
922
923
903
924
904
925
905
926
906
927
907
928
908
929
909
930
910
931
911
932
912
933
913
934
914
935
915
936
916
937
917
938
918
939
919
940
920
941
921
942
922
943
923
944
945
925
946
926
947
927
948
928
949
929
950
930
951
931
952
932
953
933
954
934
955
935
956
936
957
937
958
938
959
939
960
940
961
941
962
942
963
943
964
944
965
945
966
967
947
968
948
969
949
970
950
971
951
972
952
973
953
974
954
975
955
976
956
977
957
978
958
979
959
980
960
981
961
982
962
983
963
984
964
985
965
986
966
987
967
988
989
969
990
970
991
971
992
972
993
973
994
974
995
975
996
976
997
977
998
978
999
979
1000
980
1001
981
1002
982
1003
983
1004
984
1005
985
1006
986
1007
987
1008
988
1009
989
1010
1011
991
1012
992
1013
993
1014
994
1015
995
1016
996
1017
997
1018
998
1019
999
1020
1000
1021
1001
1022
1002
1023
1003
1024
1004
1025
1005
1026
1006
1027
1007
1028
1008
1029
1009
1030
1010
1031
1011
1032
1033
1013
1034
1014
1035
1015
1036
1016
1037
1017
1038
1018
1039
1019
1040
1020
1041
1021
1042
1022
1043
1023
1044
1024
1045
1025
1046
1026
1047
1027
1048
1028
1049
1029
1050
1030
1051
1031
1052
1032
1053
1033
1054
1055
1035
5280
1036
5281
1037
5282
1038
5283
1039
5284
1040
5285
1041
5286
1042
5287
1043
5288
1044
5289
1045
5290
1046
5291
1047
5292
1048
5293
1049
5294
1050
5295
1051
5296
1052
5297
1053
5298
1054
5299
1055
5300
5301
1057
1078
1408
5280
1058
1079
1409
5281
1059
1080
1410
5282
1060
1081
1411
5283
1061
1082
1412
5284
1062
1083
1413
5285
1063
1084
1414
5286
1064
1085
1415
5287
1065
1086
1416
5288
1066
1087
1417
5289
1067
1088
1418
5290
1068
1089
1419
5291
1069
1090
1420
5292
1070
1091
1421
5293
1071
1092
1422
5294
1072
1093
1423
5295
1073
1094
1424
5296
1074
1095
1425
5297
1075
1096
1426
5298
1076
1097
1427
5299
1077
1098
1428
5300
1099
1429
5301
1079
1100
1430
5302
1080
1101
1431
5303
1081
1102
1432
5304
1082
1103
1433
5305
1083
1104
1434
5306
1084
1105
1435
5307
1085
1106
1436
5308
1086
1107
1437
5309
1087
1108
1438
5310
1088
1109
1439
5311
1089
1110
1440
5312
1090
1111
1441
5313
1091
1112
1442
5314
1092
1113
1443
5315
1093
1114
1444
5316
1094
1115
1445
5317
1095
1116
1446
5318
1096
1117
1447
5319
1097
1118
1448
5320
1098
1119
1449
5321
1099
1120
1450
5322
1121
1451
5323
1101
1122
1452
5324
1102
1123
1453
5325
1103
1124
1454
5326
1104
1125
1455
5327
1105
1126
1456
5328
1106
1127
1457
5329
1107
1128
1458
5330
1108
1129
1459
5331
1109
1130
1460
5332
1110
1131
1461
5333
1111
1132
1462
5334
1112
1133
1463
5335
1113
1134
1464
5336
1114
1135
1465
5337
1115
1136
1466
5338
1116
1137
1467
5339
1117
1138
1468
5340
1118
1139
1469
5341
1119
1140
1470
5342
1120
1141
1471
5343
1121
1142
1472
5344
1143
1473
5345
1123
1144
1474
5346
1124
1145
1475
5347
1125
1146
1476
5348
1126
1147
1477
5349
1127
1148
1478
5350
1128
1149
1479
5351
1129
1150
1480
5352
1130
1151
1481
5353
1131
1152
1482
5354
1132
1153
1483
5355
1133
1154
1484
5356
1134
1155
1485
5357
1135
1156
1486
5358
1136
1157
1487
5359
1137
1158
1488
5360
1138
1159
1489
5361
1139
1160
1490
5362
1140
1161
1491
5363
1141
1162
1492
5364
1142
1163
1493
5365
1143
1164
1494
5366
1165
1495
5367
1145
1166
1496
5368
1146
1167
1497
5369
1147
1168
1498
5370
1148
1169
1499
5371
1149
1170
1500
5372
1150
1171
1501
5373
1151
1172
1502
5374
1152
1173
1503
5375
1153
1174
1504
5376
1154
1175
1505
5377
1155
1176
1506
5378
1156
1177
1507
5379
1157
1178
1508
5380
1158
1179
1509
5381
1159
1180
1510
5382
1160
1181
1511
5383
1161
1182
1512
5384
1162
1183
1513
5385
1163
1184
1514
5386
1164
1185
1515
5387
1165
1186
1516
5388
1187
1517
5389
1167
1188
1518
5390
1168
1189
1519
5391
1169
1190
1520
5392
1170
1191
1521
5393
1171
1192
1522
5394
1172
1193
1523
5395
1173
1194
1524
5396
1174
1195
1525
5397
1175
1196
1526
5398
1176
1197
1527
5399
1177
1198
1528
5400
1178
1199
1529
5401
1179
1200
1530
5402
1180
1201
1531
5403
1181
1202
1532
5404
1182
1203
1533
5405
1183
1204
1534
5406
1184
1205
1535
5407
1185
1206
1536
5408
1186
1207
1537
5409
1187
1208
1538
5410
1209
1539
5411
1189
1210
1540
5412
1190
1211
1541
5413
1191
1212
1542
5414
1192
1213
1543
5415
1193
1214
1544
5416
1194
1215
1545
5417
1195
1216
1546
5418
1196
1217
1547
5419
1197
1218
1548
5420
1198
1219
1549
5421
1199
1220
1550
5422
1200
1221
1551
5423
1201
1222
1552
5424
1202
1223
1553
5425
1203
1224
1554
5426
1204
1225
1555
5427
1205
1226
1556
5428
1206
1227
1557
5429
1207
1228
1558
5430
1208
1229
1559
5431
1209
1230
1560
5432
1231
1561
5433
1211
1232
1562
5434
1212
1233
1563
5435
1213
1234
1564
5436
1214
1235
1565
5437
1215
1236
1566
5438
1216
1237
1567
5439
1217
1238
1568
5440
1218
1239
1569
5441
1219
1240
1570
5442
1220
1241
1571
5443
1221
1242
1572
5444
1222
1243
1573
5445
1223
1244
1574
5446
1224
1245
1575
5447
1225
1246
1576
5448
1226
1247
1577
5449
1227
1248
1578
5450
1228
1249
1579
5451
1229
1250
1580
5452
1230
1251
1581
5453
1231
1252
1582
5454
1253
1583
5455
1233
1254
1584
5456
1234
1255
1585
5457
1235
1256
1586
5458
1236
1257
1587
5459
1237
1258
1588
5460
1238
1259
1589
5461
1239
1260
1590
5462
1240
1261
1591
5463
1241
1262
1592
5464
1242
1263
1593
5465
1243
1264
1594
5466
1244
1265
1595
5467
1245
1266
1596
5468
1246
1267
1597
5469
1247
1268
1598
5470
1248
1269
1599
5471
1249
1270
1600
5472
1250
1271
1601
5473
1251
1272
1602
5474
1252
1273
1603
5475
1253
1274
1604
5476
1275
1605
5477
1255
1276
1606
5478
1256
1277
1607
5479
1257
1278
1608
5480
1258
1279
1609
5481
1259
1280
1610
5482
1260
1281
1611
5483
1261
1282
1612
5484
1262
1283
1613
5485
1263
1284
1614
5486
1264
1285
1615
5487
1265
1286
1616
5488
1266
1287
1617
5489
1267
1288
1618
5490
1268
1289
1619
5491
1269
1290
1620
5492
1270
1291
1621
5493
1271
1292
1622
5494
1272
1293
1623
5495
1273
1294
1624
5496
1274
1295
1625
5497
1275
1296
1626
5498
1297
1627
5499
1277
1298
1628
5500
1278
1299
1629
5501
1279
1300
1630
5502
1280
1301
1631
5503
1281
1302
1632
5504
1282
1303
1633
5505
1283
1304
1634
5506
1284
1305
1635
5507
1285
1306
1636
5508
1286
1307
1637
5509
1287
1308
1638
5510
1288
1309
1639
5511
1289
1310
1640
5512
1290
1311
1641
5513
1291
1312
1642
5514
1292
1313
1643
5515
1293
1314
1644
5516
1294
1315
1645
5517
1295
1316
1646
5518
1296
1317
1647
5519
1297
1318
1648
5520
1319
1649
5521
1299
1320
1650
5522
1300
1321
1651
5523
1301
1322
1652
5524
1302
1323
1653
5525
1303
1324
1654
5526
1304
1325
1655
5527
1305
1326
1656
5528
1306
1327
1657
5529
1307
1328
1658
5530
1308
1329
1659
5531
1309
1330
1660
5532
1310
1331
1661
5533
1311
1332
1662
5534
1312
1333
1663
5535
1313
1334
1664
5536
1314
1335
1665
5537
1315
1336
1666
5538
1316
1337
1667
5539
1317
1338
1668
5540
1318
1339
1669
5541
1319
1340
1670
5542
1341
1671
5543
1321
1342
1672
5544
1322
1343
1673
5545
1323
1344
1674
5546
1324
1345
1675
5547
1325
1346
1676
5548
1326
1347
1677
5549
1327
1348
1678
5550
1328
1349
1679
5551
1329
1350
1680
5552
1330
1351
1681
5553
1331
1352
1682
5554
1332
1353
1683
5555
1333
1354
1684
5556
1334
1355
1685
5557
1335
1356
1686
5558
1336
1357
1687
5559
1337
1358
1688
5560
1338
1359
1689
5561
1339
1360
1690
5562
1340
1361
1691
5563
1341
1362
1692
5564
1363
1693
5565
1343
1364
1694
5566
1344
1365
1695
5567
1345
1366
1696
5568
1346
1367
1697
5569
1347
1368
1698
5570
1348
1369
1699
5571
1349
1370
1700
5572
1350
1371
1701
5573
1351
1372
1702
5574
1352
1373
1703
5575
1353
1374
1704
5576
1354
1375
1705
5577
1355
1376
1706
5578
1356
1377
1707
5579
1357
1378
1708
5580
1358
1379
1709
5581
1359
1380
1710
5582
1360
1381
1711
5583
1361
1382
1712
5584
1362
1383
1713
5585
1363
1384
1714
5586
1385
1715
5587
1365
1386
1716
5588
1366
1387
1717
5589
1367
1388
1718
5590
1368
1389
1719
5591
1369
1390
1720
5592
1370
1391
1721
5593
1371
1392
1722
5594
1372
1393
1723
5595
1373
1394
1724
5596
1374
1395
1725
5597
1375
1396
1726
5598
1376
1397
1727
5599
1377
1398
1728
5600
1378
1399
1729
5601
1379
1400
1730
5602
1380
1401
1731
5603
1381
1402
1732
5604
1382
1403
1733
5605
1383
1404
1734
5606
1384
1405
1735
5607
1385
1406
1736
5608
1407
1737
5609
1387
1738
5610
1388
1739
5611
1389
1740
5612
1390
1741
5613
1391
1742
5614
1392
1743
5615
1393
1744
5616
1394
1745
5617
1395
1746
5618
1396
1747
5619
1397
1748
5620
1398
1749
5621
1399
1750
5622
1400
1751
5623
1401
1752
5624
1402
1753
5625
1403
1754
5626
1404
1755
5627
1405
1756
5628
1406
1757
5629
1407
1758
5630
1759
5631
1409
1430
1760
1410
1431
1761
1411
1432
1762
1412
1433
1763
1413
1434
1764
1414
1435
1765
1415
1436
1766
1416
1437
1767
1417
1438
1768
1418
1439
1769
1419
1440
1770
1420
1441
1771
1421
1442
1772
1422
1443
1773
1423
1444
1774
1424
1445
1775
1425
1446
1776
1426
1447
1777
1427
1448
1778
1428
1449
1779
1429
1450
1780
1451
1781
1431
1452
1782
1432
1453
1783
1433
1454
1784
1434
1455
1785
1435
1456
1786
1436
1457
1787
1437
1458
1788
1438
1459
1789
1439
1460
1790
1440
1461
1791
1441
1462
1792
1442
1463
1793
1443
1464
1794
1444
1465
1795
1445
1466
1796
1446
1467
1797
1447
1468
1798
1448
1469
1799
1449
1470
1800
1450
1471
1801
1451
1472
1802
1473
1803
1453
1474
1804
1454
1475
1805
1455
1476
1806
1456
1477
1807
1457
1478
1808
1458
1479
1809
1459
1480
1810
1460
1481
1811
1461
1482
1812
1462
1483
1813
1463
1484
1814
1464
1485
1815
1465
1486
1816
1466
1487
1817
1467
1488
1818
1468
1489
1819
1469
1490
1820
1470
1491
1821
1471
1492
1822
1472
1493
1823
1473
1494
1824
1495
1825
1475
1496
1826
1476
1497
1827
1477
1498
1828
1478
1499
1829
1479
1500
1830
1480
1501
1831
1481
1502
1832
1482
1503
1833
1483
1504
1834
1484
1505
1835
1485
1506
1836
1486
1507
1837
1487
1508
1838
1488
1509
1839
1489
1510
1840
1490
1511
1841
1491
1512
1842
1492
1513
1843
1493
1514
1844
1494
1515
1845
1495
1516
1846
1517
1847
1497
1518
1848
1498
1519
1849
1499
1520
1850
1500
1521
1851
1501
1522
1852
1502
1523
1853
1503
1524
1854
1504
1525
1855
1505
1526
1856
1506
1527
1857
1507
1528
1858
1508
1529
1859
1509
1530
1860
1510
1531
1861
1511
1532
1862
1512
1533
1863
1513
1534
1864
1514
1535
1865
1515
1536
1866
1516
1537
1867
1517
1538
1868
1539
1869
1519
1540
1870
1520
1541
1871
1521
1542
1872
1522
1543
1873
1523
1544
1874
1524
1545
1875
1525
1546
1876
1526
1547
1877
1527
1548
1878
1528
1549
1879
1529
1550
1880
1530
1551
1881
1531
1552
1882
1532
1553
1883
1533
1554
1884
1534
1555
1885
1535
1556
1886
1536
1557
1887
1537
1558
1888
1538
1559
1889
1539
1560
1890
1561
1891
1541
1562
1892
1542
1563
1893
1543
1564
1894
1544
1565
1895
1545
1566
1896
1546
1567
1897
1547
1568
1898
1548
1569
1899
1549
1570
1900
1550
1571
1901
1551
1572
1902
1552
1573
1903
1553
1574
1904
1554
1575
1905
1555
1576
1906
1556
1577
1907
1557
1578
1908
1558
1579
1909
1559
1580
1910
1560
1581
1911
1561
1582
1912
1583
1913
1563
1584
1914
1564
1585
1915
1565
1586
1916
1566
1587
1917
1567
1588
1918
1568
1589
1919
1569
1590
1920
1570
1591
1921
1571
1592
1922
1572
1593
1923
1573
1594
1924
1574
1595
1925
1575
1596
1926
1576
1597
1927
1577
1598
1928
1578
1599
1929
1579
1600
1930
1580
1601
1931
1581
1602
1932
1582
1603
1933
1583
1604
1934
1605
1935
1585
1606
1936
1586
1607
1937
1587
1608
1938
1588
1609
1939
1589
1610
1940
1590
1611
1941
1591
1612
1942
1592
1613
1943
1593
1614
1944
1594
1615
1945
1595
1616
1946
1596
1617
1947
1597
1618
1948
1598
1619
1949
1599
1620
1950
1600
1621
1951
1601
1622
1952
1602
1623
1953
1603
1624
1954
1604
1625
1955
1605
1626
1956
1627
1957
1607
1628
1958
1608
1629
1959
1609
1630
1960
1610
1631
1961
1611
1632
1962
1612
1633
1963
1613
1634
1964
1614
1635
1965
1615
1636
1966
1616
1637
1967
1617
1638
1968
1618
1639
1969
1619
1640
1970
1620
1641
1971
1621
1642
1972
1622
1643
1973
1623
1644
1974
1624
1645
1975
1625
1646
1976
1626
1647
1977
1627
1648
1978
1649
1979
1629
1650
1980
1630
1651
1981
1631
1652
1982
1632
1653
1983
1633
1654
1984
1634
1655
1985
1635
1656
1986
1636
1657
1987
1637
1658
1988
1638
1659
1989
1639
1660
1990
1640
1661
1991
1641
1662
1992
1642
1663
1993
1643
1664
1994
1644
1665
1995
1645
1666
1996
1646
1667
1997
1647
1668
1998
1648
1669
1999
1649
1670
2000
1671
2001
1651
1672
2002
1652
1673
2003
1653
1674
2004
1654
1675
2005
1655
1676
2006
1656
1677
2007
1657
1678
2008
1658
1679
2009
1659
1680
2010
1660
1681
2011
1661
1682
2012
1662
1683
2013
1663
1684
2014
1664
1685
2015
1665
1686
2016
1666
1687
2017
1667
1688
2018
1668
1689
2019
1669
1690
2020
1670
1691
2021
1671
1692
2022
1693
2023
1673
1694
2024
1674
1695
2025
1675
1696
2026
1676
1697
2027
1677
1698
2028
1678
1699
2029
1679
1700
2030
1680
1701
2031
1681
1702
2032
1682
1703
2033
1683
1704
2034
1684
1705
2035
1685
1706
2036
1686
1707
2037
1687
1708
2038
1688
1709
2039
1689
1710
2040
1690
1711
2041
1691
1712
2042
1692
1713
2043
1693
1714
2044
1715
2045
1695
1716
2046
1696
1717
2047
1697
1718
2048
1698
1719
2049
1699
1720
2050
1700
1721
2051
1701
1722
2052
1702
1723
2053
1703
1724
2054
1704
1725
2055
1705
1726
2056
1706
1727
2057
1707
1728
2058
1708
1729
2059
1709
1730
2060
1710
1731
2061
1711
1732
2062
1712
1733
2063
1713
1734
2064
1714
1735
2065
1715
1736
2066
1737
2067
1717
1738
2068
1718
1739
2069
1719
1740
2070
1720
1741
2071
1721
1742
2072
1722
1743
2073
1723
1744
2074
1724
1745
2075
1725
1746
2076
1726
1747
2077
1727
1748
2078
1728
1749
2079
1729
1750
2080
1730
1751
2081
1731
1752
2082
1732
1753
2083
1733
1754
2084
1734
1755
2085
1735
1756
2086
1736
1757
2087
1737
1758
2088
1759
2089
1739
2090
1740
2091
1741
2092
1742
2093
1743
2094
1744
2095
1745
2096
1746
2097
1747
2098
1748
2099
1749
2100
1750
2101
1751
2102
1752
2103
1753
2104
1754
2105
1755
2106
1756
2107
1757
2108
1758
2109
1759
2110
2111
1761
1782
2112
1762
1783
2113
1763
1784
2114
1764
1785
2115
1765
1786
2116
1766
1787
2117
1767
1788
2118
1768
1789
2119
1769
1790
2120
1770
1791
2121
1771
1792
2122
1772
1793
2123
1773
1794
2124
1774
1795
2125
1775
1796
2126
1776
1797
2127
1777
1798
2128
1778
1799
2129
1779
1800
2130
1780
1801
2131
1781
1802
2132
1803
2133
1783
1804
2134
1784
1805
2135
1785
1806
2136
1786
1807
2137
1787
1808
2138
1788
1809
2139
1789
1810
2140
1790
1811
2141
1791
1812
2142
1792
1813
2143
1793
1814
2144
1794
1815
2145
1795
1816
2146
1796
1817
2147
1797
1818
2148
1798
1819
2149
1799
1820
2150
1800
1821
2151
1801
1822
2152
1802
1823
2153
1803
1824
2154
1825
2155
1805
1826
2156
1806
1827
2157
1807
1828
2158
1808
1829
2159
1809
1830
2160
1810
1831
2161
1811
1832
2162
1812
1833
2163
1813
1834
2164
1814
1835
2165
1815
1836
2166
1816
1837
2167
1817
1838
2168
1818
1839
2169
1819
1840
2170
1820
1841
2171
1821
1842
2172
1822
1843
2173
1823
1844
2174
1824
1845
2175
1825
1846
2176
1847
2177
1827
1848
2178
1828
1849
2179
1829
1850
2180
1830
1851
2181
1831
1852
2182
1832
1853
2183
1833
1854
2184
1834
1855
2185
1835
1856
2186
1836
1857
2187
1837
1858
2188
1838
1859
2189
1839
1860
2190
1840
1861
2191
1841
1862
2192
1842
1863
2193
1843
1864
2194
1844
1865
2195
1845
1866
2196
1846
1867
2197
1847
1868
2198
1869
2199
1849
1870
2200
1850
1871
2201
1851
1872
2202
1852
1873
2203
1853
1874
2204
1854
1875
2205
1855
1876
2206
1856
1877
2207
1857
1878
2208
1858
1879
2209
1859
1880
2210
1860
1881
2211
1861
1882
2212
1862
1883
2213
1863
1884
2214
1864
1885
2215
1865
1886
2216
1866
1887
2217
1867
1888
2218
1868
1889
2219
1869
1890
2220
1891
2221
1871
1892
2222
1872
1893
2223
1873
1894
2224
1874
1895
2225
1875
1896
2226
1876
1897
2227
1877
1898
2228
1878
1899
2229
1879
1900
2230
1880
1901
2231
1881
1902
2232
1882
1903
2233
1883
1904
2234
1884
1905
2235
1885
1906
2236
1886
1907
2237
1887
1908
2238
1888
1909
2239
1889
1910
2240
1890
1911
2241
1891
1912
2242
1913
2243
1893
1914
2244
1894
1915
2245
1895
1916
2246
1896
1917
2247
1897
1918
2248
1898
1919
2249
1899
1920
2250
1900
1921
2251
1901
1922
2252
1902
1923
2253
1903
1924
2254
1904
1925
2255
1905
1926
2256
1906
1927
2257
1907
1928
2258
1908
1929
2259
1909
1930
2260
1910
1931
2261
1911
1932
2262
1912
1933
2263
1913
1934
2264
1935
2265
1915
1936
2266
1916
1937
2267
1917
1938
2268
1918
1939
2269
1919
1940
2270
1920
1941
2271
1921
1942
2272
1922
1943
2273
1923
1944
2274
1924
1945
2275
1925
1946
2276
1926
1947
2277
1927
1948
2278
1928
1949
2279
1929
1950
2280
1930
1951
2281
1931
1952
2282
1932
1953
2283
1933
1954
2284
1934
1955
2285
1935
1956
2286
1957
2287
1937
1958
2288
1938
1959
2289
1939
1960
2290
1940
1961
2291
1941
1962
2292
1942
1963
2293
1943
1964
2294
1944
1965
2295
1945
1966
2296
1946
1967
2297
1947
1968
2298
1948
1969
2299
1949
1970
2300
1950
1971
2301
1951
1972
2302
1952
1973
2303
1953
1974
2304
1954
1975
2305
1955
1976
2306
1956
1977
2307
1957
1978
2308
1979
2309
1959
1980
2310
1960
1981
2311
1961
1982
2312
1962
1983
2313
1963
1984
2314
1964
1985
2315
1965
1986
2316
1966
1987
2317
1967
1988
2318
1968
1989
2319
1969
1990
2320
1970
1991
2321
1971
1992
2322
1972
1993
2323
1973
1994
2324
1974
1995
2325
1975
1996
2326
1976
1997
2327
1977
1998
2328
1978
1999
2329
1979
2000
2330
2001
2331
1981
2002
2332
1982
2003
2333
1983
2004
2334
1984
2005
2335
1985
2006
2336
1986
2007
2337
1987
2008
2338
1988
2009
2339
1989
2010
2340
1990
2011
2341
1991
2012
2342
1992
2013
2343
1993
2014
2344
1994
2015
2345
1995
2016
2346
1996
2017
2347
1997
2018
2348
1998
2019
2349
1999
2020
2350
2000
2021
2351
2001
2022
2352
2023
2353
2003
2024
2354
2004
2025
2355
2005
2026
2356
2006
2027
2357
2007
2028
2358
2008
2029
2359
2009
2030
2360
2010
2031
2361
2011
2032
2362
2012
2033
2363
2013
2034
2364
2014
2035
2365
2015
2036
2366
2016
2037
2367
2017
2038
2368
2018
2039
2369
2019
2040
2370
2020
2041
2371
2021
2042
2372
2022
2043
2373
2023
2044
2374
2045
2375
2025
2046
2376
2026
2047
2377
2027
2048
2378
2028
2049
2379
2029
2050
2380
2030
2051
2381
2031
2052
2382
2032
2053
2383
2033
2054
2384
2034
2055
2385
2035
2056
2386
2036
2057
2387
2037
2058
2388
2038
2059
2389
2039
2060
2390
2040
2061
2391
2041
2062
2392
2042
2063
2393
2043
2064
2394
2044
2065
2395
2045
2066
2396
2067
2397
2047
2068
2398
2048
2069
2399
2049
2070
2400
2050
2071
2401
2051
2072
2402
2052
2073
2403
2053
2074
2404
2054
2075
2405
2055
2076
2406
2056
2077
2407
2057
2078
2408
2058
2079
2409
2059
2080
2410
2060
2081
2411
2061
2082
2412
2062
2083
2413
2063
2084
2414
2064
2085
2415
2065
2086
2416
2066
2087
2417
2067
2088
2418
2089
2419
2069
2090
2420
2070
2091
2421
2071
2092
2422
2072
2093
2423
2073
2094
2424
2074
2095
2425
2075
2096
2426
2076
2097
2427
2077
2098
2428
2078
2099
2429
2079
2100
2430
2080
2101
2431
2081
2102
2432
2082
2103
2433
2083
2104
2434
2084
2105
2435
2085
2106
2436
2086
2107
2437
2087
2108
2438
2088
2109
2439
2089
2110
2440
2111
2441
2091
2442
2092
2443
2093
2444
2094
2445
2095
2446
2096
2447
2097
2448
2098
2449
2099
2450
2100
2451
2101
2452
2102
2453
2103
2454
2104
2455
2105
2456
2106
2457
2107
2458
2108
2459
2109
2460
2110
2461
2111
2462
2463
2113
2134
2464
2114
2135
2465
2115
2136
2466
2116
2137
2467
2117
2138
2468
2118
2139
2469
2119
2140
2470
2120
2141
2471
2121
2142
2472
2122
2143
2473
2123
2144
2474
2124
2145
2475
2125
2146
2476
2126
2147
2477
2127
2148
2478
2128
2149
2479
2129
2150
2480
2130
2151
2481
2131
2152
2482
2132
2153
2483
2133
2154
2484
2155
2485
2135
2156
2486
2136
2157
2487
2137
2158
2488
2138
2159
2489
2139
2160
2490
2140
2161
2491
2141
2162
2492
2142
2163
2493
2143
2164
2494
2144
2165
2495
2145
2166
2496
2146
2167
2497
2147
2168
2498
2148
2169
2499
2149
2170
2500
2150
2171
2501
2151
2172
2502
2152
2173
2503
2153
2174
2504
2154
2175
2505
2155
2176
2506
2177
2507
2157
2178
2508
2158
2179
2509
2159
2180
2510
2160
2181
2511
2161
2182
2512
2162
2183
2513
2163
2184
2514
2164
2185
2515
2165
2186
2516
2166
2187
2517
2167
2188
2518
2168
2189
2519
2169
2190
2520
2170
2191
2521
2171
2192
2522
2172
2193
2523
2173
2194
2524
2174
2195
2525
2175
2196
2526
2176
2197
2527
2177
2198
2528
2199
2529
2179
2200
2530
2180
2201
2531
2181
2202
2532
2182
2203
2533
2183
2204
2534
2184
2205
2535
2185
2206
2536
2186
2207
2537
2187
2208
2538
2188
2209
2539
2189
2210
2540
2190
2211
2541
2191
2212
2542
2192
2213
2543
2193
2214
2544
2194
2215
2545
2195
2216
2546
2196
2217
2547
2197
2218
2548
2198
2219
2549
2199
2220
2550
2221
2551
2201
2222
2552
2202
2223
2553
2203
2224
2554
2204
2225
2555
2205
2226
2556
2206
2227
2557
2207
2228
2558
2208
2229
2559
2209
2230
2560
2210
2231
2561
2211
2232
2562
2212
2233
2563
2213
2234
2564
2214
2235
2565
2215
2236
2566
2216
2237
2567
2217
2238
2568
2218
2239
2569
2219
2240
2570
2220
2241
2571
2221
2242
2572
2243
2573
2223
2244
2574
2224
2245
2575
2225
2246
2576
2226
2247
2577
2227
2248
2578
2228
2249
2579
2229
2250
2580
2230
2251
2581
2231
2252
2582
2232
2253
2583
2233
2254
2584
2234
2255
2585
2235
2256
2586
2236
2257
2587
2237
2258
2588
2238
2259
2589
2239
2260
2590
2240
2261
2591
2241
2262
2592
2242
2263
2593
2243
2264
2594
2265
2595
2245
2266
2596
2246
2267
2597
2247
2268
2598
2248
2269
2599
2249
2270
2600
2250
2271
2601
2251
2272
2602
2252
2273
2603
2253
2274
2604
2254
2275
2605
2255
2276
2606
2256
2277
2607
2257
2278
2608
2258
2279
2609
2259
2280
2610
2260
2281
2611
2261
2282
2612
2262
2283
2613
2263
2284
2614
2264
2285
2615
2265
2286
2616
2287
2617
2267
2288
2618
2268
2289
2619
2269
2290
2620
2270
2291
2621
2271
2292
2622
2272
2293
2623
2273
2294
2624
2274
2295
2625
2275
2296
2626
2276
2297
2627
2277
2298
2628
2278
2299
2629
2279
2300
2630
2280
2301
2631
2281
2302
2632
2282
2303
2633
2283
2304
2634
2284
2305
2635
2285
2306
2636
2286
2307
2637
2287
2308
2638
2309
2639
2289
2310
2640
2290
2311
2641
2291
2312
2642
2292
2313
2643
2293
2314
2644
2294
2315
2645
2295
2316
2646
2296
2317
2647
2297
2318
2648
2298
2319
2649
2299
2320
2650
2300
2321
2651
2301
2322
2652
2302
2323
2653
2303
2324
2654
2304
2325
2655
2305
2326
2656
2306
2327
2657
2307
2328
2658
2308
2329
2659
2309
2330
2660
2331
2661
2311
2332
2662
2312
2333
2663
2313
2334
2664
2314
2335
2665
2315
2336
2666
2316
2337
2667
2317
2338
2668
2318
2339
2669
2319
2340
2670
2320
2341
2671
2321
2342
2672
2322
2343
2673
2323
2344
2674
2324
2345
2675
2325
2346
2676
2326
2347
2677
2327
2348
2678
2328
2349
2679
2329
2350
2680
2330
2351
2681
2331
2352
2682
2353
2683
2333
2354
2684
2334
2355
2685
2335
2356
2686
2336
2357
2687
2337
2358
2688
2338
2359
2689
2339
2360
2690
2340
2361
2691
2341
2362
2692
2342
2363
2693
2343
2364
2694
2344
2365
2695
2345
2366
2696
2346
2367
2697
2347
2368
2698
2348
2369
2699
2349
2370
2700
2350
2371
2701
2351
2372
2702
2352
2373
2703
2353
2374
2704
2375
2705
2355
2376
2706
2356
2377
2707
2357
2378
2708
2358
2379
2709
2359
2380
2710
2360
2381
2711
2361
2382
2712
2362
2383
2713
2363
2384
2714
2364
2385
2715
2365
2386
2716
2366
2387
2717
2367
2388
2718
2368
2389
2719
2369
2390
2720
2370
2391
2721
2371
2392
2722
2372
2393
2723
2373
2394
2724
2374
2395
2725
2375
2396
2726
2397
2727
2377
2398
2728
2378
2399
2729
2379
2400
2730
2380
2401
2731
2381
2402
2732
2382
2403
2733
2383
2404
2734
2384
2405
2735
2385
2406
2736
2386
2407
2737
2387
2408
2738
2388
2409
2739
2389
2410
2740
2390
2411
2741
2391
2412
2742
2392
2413
2743
2393
2414
2744
2394
2415
2745
2395
2416
2746
2396
2417
2747
2397
2418
2748
2419
2749
2399
2420
2750
2400
2421
2751
2401
2422
2752
2402
2423
2753
2403
2424
2754
2404
2425
2755
2405
2426
2756
2406
2427
2757
2407
2428
2758
2408
2429
2759
2409
2430
2760
2410
2431
2761
2411
2432
2762
2412
2433
2763
2413
2434
2764
2414
2435
2765
2415
2436
2766
2416
2437
2767
2417
2438
2768
2418
2439
2769
2419
2440
2770
2441
2771
2421
2442
2772
2422
2443
2773
2423
2444
2774
2424
2445
2775
2425
2446
2776
2426
2447
2777
2427
2448
2778
2428
2449
2779
2429
2450
2780
2430
2451
2781
2431
2452
2782
2432
2453
2783
2433
2454
2784
2434
2455
2785
2435
2456
2786
2436
2457
2787
2437
2458
2788
2438
2459
2789
2439
2460
2790
2440
2461
2791
2441
2462
2792
2463
2793
2443
2794
2444
2795
2445
2796
2446
2797
2447
2798
2448
2799
2449
2800
2450
2801
2451
2802
2452
2803
2453
2804
2454
2805
2455
2806
2456
2807
2457
2808
2458
2809
2459
2810
2460
2811
2461
2812
2462
2813
2463
2814
2815
2465
2486
2816
2466
2487
2817
2467
2488
2818
2468
2489
2819
2469
2490
2820
2470
2491
2821
2471
2492
2822
2472
2493
2823
2473
2494
2824
2474
2495
2825
2475
2496
2826
2476
2497
2827
2477
2498
2828
2478
2499
2829
2479
2500
2830
2480
2501
2831
2481
2502
2832
2482
2503
2833
2483
2504
2834
2484
2505
2835
2485
2506
2836
2507
2837
2487
2508
2838
2488
2509
2839
2489
2510
2840
2490
2511
2841
2491
2512
2842
2492
2513
2843
2493
2514
2844
2494
2515
2845
2495
2516
2846
2496
2517
2847
2497
2518
2848
2498
2519
2849
2499
2520
2850
2500
2521
2851
2501
2522
2852
2502
2523
2853
2503
2524
2854
2504
2525
2855
2505
2526
2856
2506
2527
2857
2507
2528
2858
2529
2859
2509
2530
2860
2510
2531
2861
2511
2532
2862
2512
2533
2863
2513
2534
2864
2514
2535
2865
2515
2536
2866
2516
2537
2867
2517
2538
2868
2518
2539
2869
2519
2540
2870
2520
2541
2871
2521
2542
2872
2522
2543
2873
2523
2544
2874
2524
2545
2875
2525
2546
2876
2526
2547
2877
2527
2548
2878
2528
2549
2879
2529
2550
2880
2551
2881
2531
2552
2882
2532
2553
2883
2533
2554
2884
2534
2555
2885
2535
2556
2886
2536
2557
2887
2537
2558
2888
2538
2559
2889
2539
2560
2890
2540
2561
2891
2541
2562
2892
2542
2563
2893
2543
2564
2894
2544
2565
2895
2545
2566
2896
2546
2567
2897
2547
2568
2898
2548
2569
2899
2549
2570
2900
2550
2571
2901
2551
2572
2902
2573
2903
2553
2574
2904
2554
2575
2905
2555
2576
2906
2556
2577
2907
2557
2578
2908
2558
2579
2909
2559
2580
2910
2560
2581
2911
2561
2582
2912
2562
2583
2913
2563
2584
2914
2564
2585
2915
2565
2586
2916
2566
2587
2917
2567
2588
2918
2568
2589
2919
2569
2590
2920
2570
2591
2921
2571
2592
2922
2572
2593
2923
2573
2594
2924
2595
2925
2575
2596
2926
2576
2597
2927
2577
2598
2928
2578
2599
2929
2579
2600
2930
2580
2601
2931
2581
2602
2932
2582
2603
2933
2583
2604
2934
2584
2605
2935
2585
2606
2936
2586
2607
2937
2587
2608
2938
2588
2609
2939
2589
2610
2940
2590
2611
2941
2591
2612
2942
2592
2613
2943
2593
2614
2944
2594
2615
2945
2595
2616
2946
2617
2947
2597
2618
2948
2598
2619
2949
2599
2620
2950
2600
2621
2951
2601
2622
2952
2602
2623
2953
2603
2624
2954
2604
2625
2955
2605
2626
2956
2606
2627
2957
2607
2628
2958
2608
2629
2959
2609
2630
2960
2610
2631
2961
2611
2632
2962
2612
2633
2963
2613
2634
2964
2614
2635
2965
2615
2636
2966
2616
2637
2967
2617
2638
2968
2639
2969
2619
2640
2970
2620
2641
2971
2621
2642
2972
2622
2643
2973
2623
2644
2974
2624
2645
2975
2625
2646
2976
2626
2647
2977
2627
2648
2978
2628
2649
2979
2629
2650
2980
2630
2651
2981
2631
2652
2982
2632
2653
2983
2633
2654
2984
2634
2655
2985
2635
2656
2986
2636
2657
2987
2637
2658
2988
2638
2659
2989
2639
2660
2990
2661
2991
2641
2662
2992
2642
2663
2993
2643
2664
2994
2644
2665
2995
2645
2666
2996
2646
2667
2997
2647
2668
2998
2648
2669
2999
2649
2670
3000
2650
2671
3001
2651
2672
3002
2652
2673
3003
2653
2674
3004
2654
2675
3005
2655
2676
3006
2656
2677
3007
2657
2678
3008
2658
2679
3009
2659
2680
3010
2660
2681
3011
2661
2682
3012
2683
3013
2663
2684
3014
2664
2685
3015
2665
2686
3016
2666
2687
3017
2667
2688
3018
2668
2689
3019
2669
2690
3020
2670
2691
3021
2671
2692
3022
2672
2693
3023
2673
2694
3024
2674
2695
3025
2675
2696
3026
2676
2697
3027
2677
2698
3028
2678
2699
3029
2679
2700
3030
2680
2701
3031
2681
2702
3032
2682
2703
3033
2683
2704
3034
2705
3035
2685
2706
3036
2686
2707
3037
2687
2708
3038
2688
2709
3039
2689
2710
3040
2690
2711
3041
2691
2712
3042
2692
2713
3043
2693
2714
3044
2694
2715
3045
2695
2716
3046
2696
2717
3047
2697
2718
3048
2698
2719
3049
2699
2720
3050
2700
2721
3051
2701
2722
3052
2702
2723
3053
2703
2724
3054
2704
2725
3055
2705
2726
3056
2727
3057
2707
2728
3058
2708
2729
3059
2709
2730
3060
2710
2731
3061
2711
2732
3062
2712
2733
3063
2713
2734
3064
2714
2735
3065
2715
2736
3066
2716
2737
3067
2717
2738
3068
2718
2739
3069
2719
2740
3070
2720
2741
3071
2721
2742
3072
2722
2743
3073
2723
2744
3074
2724
2745
3075
2725
2746
3076
2726
2747
3077
2727
2748
3078
2749
3079
2729
2750
3080
2730
2751
3081
2731
2752
3082
2732
2753
3083
2733
2754
3084
2734
2755
3085
2735
2756
3086
2736
2757
3087
2737
2758
3088
2738
2759
3089
2739
2760
3090
2740
2761
3091
2741
2762
3092
2742
2763
3093
2743
2764
3094
2744
2765
3095
2745
2766
3096
2746
2767
3097
2747
2768
3098
2748
2769
3099
2749
2770
3100
2771
3101
2751
2772
3102
2752
2773
3103
2753
2774
3104
2754
2775
3105
2755
2776
3106
2756
2777
3107
2757
2778
3108
2758
2779
3109
2759
2780
3110
2760
2781
3111
2761
2782
3112
2762
2783
3113
2763
2784
3114
2764
2785
3115
2765
2786
3116
2766
2787
3117
2767
2788
3118
2768
2789
3119
2769
2790
3120
2770
2791
3121
2771
2792
3122
2793
3123
2773
2794
3124
2774
2795
3125
2775
2796
3126
2776
2797
3127
2777
2798
3128
2778
2799
3129
2779
2800
3130
2780
2801
3131
2781
2802
3132
2782
2803
3133
2783
2804
3134
2784
2805
3135
2785
2806
3136
2786
2807
3137
2787
2808
3138
2788
2809
3139
2789
2810
3140
2790
2811
3141
2791
2812
3142
2792
2813
3143
2793
2814
3144
2815
3145
2795
3146
2796
3147
2797
3148
2798
3149
2799
3150
2800
3151
2801
3152
2802
3153
2803
3154
2804
3155
2805
3156
2806
3157
2807
3158
2808
3159
2809
3160
2810
3161
2811
3162
2812
3163
2813
3164
2814
3165
2815
3166
3167
2817
2838
3168
2818
2839
3169
2819
2840
3170
2820
2841
3171
2821
2842
3172
2822
2843
3173
2823
2844
3174
2824
2845
3175
2825
2846
3176
2826
2847
3177
2827
2848
3178
2828
2849
3179
2829
2850
3180
2830
2851
3181
2831
2852
3182
2832
2853
3183
2833
2854
3184
2834
2855
3185
2835
2856
3186
2836
2857
3187
2837
2858
3188
2859
3189
2839
2860
3190
2840
2861
3191
2841
2862
3192
2842
2863
3193
2843
2864
3194
2844
2865
3195
2845
2866
3196
2846
2867
3197
2847
2868
3198
2848
2869
3199
2849
2870
3200
2850
2871
3201
2851
2872
3202
2852
2873
3203
2853
2874
3204
2854
2875
3205
2855
2876
3206
2856
2877
3207
2857
2878
3208
2858
2879
3209
2859
2880
3210
2881
3211
2861
2882
3212
2862
2883
3213
2863
2884
3214
2864
2885
3215
2865
2886
3216
2866
2887
3217
2867
2888
3218
2868
2889
3219
2869
2890
3220
2870
2891
3221
2871
2892
3222
2872
2893
3223
2873
2894
3224
2874
2895
3225
2875
2896
3226
2876
2897
3227
2877
2898
3228
2878
2899
3229
2879
2900
3230
2880
2901
3231
2881
2902
3232
2903
3233
2883
2904
3234
2884
2905
3235
2885
2906
3236
2886
2907
3237
2887
2908
3238
2888
2909
3239
2889
2910
3240
2890
2911
3241
2891
2912
3242
2892
2913
3243
2893
2914
3244
2894
2915
3245
2895
2916
3246
2896
2917
3247
2897
2918
3248
2898
2919
3249
2899
2920
3250
2900
2921
3251
2901
2922
3252
2902
2923
3253
2903
2924
3254
2925
3255
2905
2926
3256
2906
2927
3257
2907
2928
3258
2908
2929
3259
2909
2930
3260
2910
2931
3261
2911
2932
3262
2912
2933
3263
2913
2934
3264
2914
2935
3265
2915
2936
3266
2916
2937
3267
2917
2938
3268
2918
2939
3269
2919
2940
3270
2920
2941
3271
2921
2942
3272
2922
2943
3273
2923
2944
3274
2924
2945
3275
2925
2946
3276
2947
3277
2927
2948
3278
2928
2949
3279
2929
2950
3280
2930
2951
3281
2931
2952
3282
2932
2953
3283
2933
2954
3284
2934
2955
3285
2935
2956
3286
2936
2957
3287
2937
2958
3288
2938
2959
3289
2939
2960
3290
2940
2961
3291
2941
2962
3292
2942
2963
3293
2943
2964
3294
2944
2965
3295
2945
2966
3296
2946
2967
3297
2947
2968
3298
2969
3299
2949
2970
3300
2950
2971
3301
2951
2972
3302
2952
2973
3303
2953
2974
3304
2954
2975
3305
2955
2976
3306
2956
2977
3307
2957
2978
3308
2958
2979
3309
2959
2980
3310
2960
2981
3311
2961
2982
3312
2962
2983
3313
2963
2984
3314
2964
2985
3315
2965
2986
3316
2966
2987
3317
2967
2988
3318
2968
2989
3319
2969
2990
3320
2991
3321
2971
2992
3322
2972
2993
3323
2973
2994
3324
2974
2995
3325
2975
2996
3326
2976
2997
3327
2977
2998
3328
2978
2999
3329
2979
3000
3330
2980
3001
3331
2981
3002
3332
2982
3003
3333
2983
3004
3334
2984
3005
3335
2985
3006
3336
2986
3007
3337
2987
3008
3338
2988
3009
3339
2989
3010
3340
2990
3011
3341
2991
3012
3342
3013
3343
2993
3014
3344
2994
3015
3345
2995
3016
3346
2996
3017
3347
2997
3018
3348
2998
3019
3349
2999
3020
3350
3000
3021
3351
3001
3022
3352
3002
3023
3353
3003
3024
3354
3004
3025
3355
3005
3026
3356
3006
3027
3357
3007
3028
3358
3008
3029
3359
3009
3030
3360
3010
3031
3361
3011
3032
3362
3012
3033
3363
3013
3034
3364
3035
3365
3015
3036
3366
3016
3037
3367
3017
3038
3368
3018
3039
3369
3019
3040
3370
3020
3041
3371
3021
3042
3372
3022
3043
3373
3023
3044
3374
3024
3045
3375
3025
3046
3376
3026
3047
3377
3027
3048
3378
3028
3049
3379
3029
3050
3380
3030
3051
3381
3031
3052
3382
3032
3053
3383
3033
3054
3384
3034
3055
3385
3035
3056
3386
3057
3387
3037
3058
3388
3038
3059
3389
3039
3060
3390
3040
3061
3391
3041
3062
3392
3042
3063
3393
3043
3064
3394
3044
3065
3395
3045
3066
3396
3046
3067
3397
3047
3068
3398
3048
3069
3399
3049
3070
3400
3050
3071
3401
3051
3072
3402
3052
3073
3403
3053
3074
3404
3054
3075
3405
3055
3076
3406
3056
3077
3407
3057
3078
3408
3079
3409
3059
3080
3410
3060
3081
3411
3061
3082
3412
3062
3083
3413
3063
3084
3414
3064
3085
3415
3065
3086
3416
3066
3087
3417
3067
3088
3418
3068
3089
3419
3069
3090
3420
3070
3091
3421
3071
3092
3422
3072
3093
3423
3073
3094
3424
3074
3095
3425
3075
3096
3426
3076
3097
3427
3077
3098
3428
3078
3099
3429
3079
3100
3430
3101
3431
3081
3102
3432
3082
3103
3433
3083
3104
3434
3084
3105
3435
3085
3106
3436
3086
3107
3437
3087
3108
3438
3088
3109
3439
3089
3110
3440
3090
3111
3441
3091
3112
3442
3092
3113
3443
3093
3114
3444
3094
3115
3445
3095
3116
3446
3096
3117
3447
3097
3118
3448
3098
3119
3449
3099
3120
3450
3100
3121
3451
3101
3122
3452
3123
3453
3103
3124
3454
3104
3125
3455
3105
3126
3456
3106
3127
3457
3107
3128
3458
3108
3129
3459
3109
3130
3460
3110
3131
3461
3111
3132
3462
3112
3133
3463
3113
3134
3464
3114
3135
3465
3115
3136
3466
3116
3137
3467
3117
3138
3468
3118
3139
3469
3119
3140
3470
3120
3141
3471
3121
3142
3472
3122
3143
3473
3123
3144
3474
3145
3475
3125
3146
3476
3126
3147
3477
3127
3148
3478
3128
3149
3479
3129
3150
3480
3130
3151
3481
3131
3152
3482
3132
3153
3483
3133
3154
3484
3134
3155
3485
3135
3156
3486
3136
3157
3487
3137
3158
3488
3138
3159
3489
3139
3160
3490
3140
3161
3491
3141
3162
3492
3142
3163
3493
3143
3164
3494
3144
3165
3495
3145
3166
3496
3167
3497
3147
3498
3148
3499
3149
3500
3150
3501
3151
3502
3152
3503
3153
3504
3154
3505
3155
3506
3156
3507
3157
3508
3158
3509
3159
3510
3160
3511
3161
3512
3162
3513
3163
3514
3164
3515
3165
3516
3166
3517
3167
3518
3519
3169
3190
3520
3170
3191
3521
3171
3192
3522
3172
3193
3523
3173
3194
3524
3174
3195
3525
3175
3196
3526
3176
3197
3527
3177
3198
3528
3178
3199
3529
3179
3200
3530
3180
3201
3531
3181
3202
3532
3182
3203
3533
3183
3204
3534
3184
3205
3535
3185
3206
3536
3186
3207
3537
3187
3208
3538
3188
3209
3539
3189
3210
3540
3211
3541
3191
3212
3542
3192
3213
3543
3193
3214
3544
3194
3215
3545
3195
3216
3546
3196
3217
3547
3197
3218
3548
3198
3219
3549
3199
3220
3550
3200
3221
3551
3201
3222
3552
3202
3223
3553
3203
3224
3554
3204
3225
3555
3205
3226
3556
3206
3227
3557
3207
3228
3558
3208
3229
3559
3209
3230
3560
3210
3231
3561
3211
3232
3562
3233
3563
3213
3234
3564
3214
3235
3565
3215
3236
3566
3216
3237
3567
3217
3238
3568
3218
3239
3569
3219
3240
3570
3220
3241
3571
3221
3242
3572
3222
3243
3573
3223
3244
3574
3224
3245
3575
3225
3246
3576
3226
3247
3577
3227
3248
3578
3228
3249
3579
3229
3250
3580
3230
3251
3581
3231
3252
3582
3232
3253
3583
3233
3254
3584
3255
3585
3235
3256
3586
3236
3257
3587
3237
3258
3588
3238
3259
3589
3239
3260
3590
3240
3261
3591
3241
3262
3592
3242
3263
3593
3243
3264
3594
3244
3265
3595
3245
3266
3596
3246
3267
3597
3247
3268
3598
3248
3269
3599
3249
3270
3600
3250
3271
3601
3251
3272
3602
3252
3273
3603
3253
3274
3604
3254
3275
3605
3255
3276
3606
3277
3607
3257
3278
3608
3258
3279
3609
3259
3280
3610
3260
3281
3611
3261
3282
3612
3262
3283
3613
3263
3284
3614
3264
3285
3615
3265
3286
3616
3266
3287
3617
3267
3288
3618
3268
3289
3619
3269
3290
3620
3270
3291
3621
3271
3292
3622
3272
3293
3623
3273
3294
3624
3274
3295
3625
3275
3296
3626
3276
3297
3627
3277
3298
3628
3299
3629
3279
3300
3630
3280
3301
3631
3281
3302
3632
3282
3303
3633
3283
3304
3634
3284
3305
3635
3285
3306
3636
3286
3307
3637
3287
3308
3638
3288
3309
3639
3289
3310
3640
3290
3311
3641
3291
3312
3642
3292
3313
3643
3293
3314
3644
3294
3315
3645
3295
3316
3646
3296
3317
3647
3297
3318
3648
3298
3319
3649
3299
3320
3650
3321
3651
3301
3322
3652
3302
3323
3653
3303
3324
3654
3304
3325
3655
3305
3326
3656
3306
3327
3657
3307
3328
3658
3308
3329
3659
3309
3330
3660
3310
3331
3661
3311
3332
3662
3312
3333
3663
3313
3334
3664
3314
3335
3665
3315
3336
3666
3316
3337
3667
3317
3338
3668
3318
3339
3669
3319
3340
3670
3320
3341
3671
3321
3342
3672
3343
3673
3323
3344
3674
3324
3345
3675
3325
3346
3676
3326
3347
3677
3327
3348
3678
3328
3349
3679
3329
3350
3680
3330
3351
3681
3331
3352
3682
3332
3353
3683
3333
3354
3684
3334
3355
3685
3335
3356
3686
3336
3357
3687
3337
3358
3688
3338
3359
3689
3339
3360
3690
3340
3361
3691
3341
3362
3692
3342
3363
3693
3343
3364
3694
3365
3695
3345
3366
3696
3346
3367
3697
3347
3368
3698
3348
3369
3699
3349
3370
3700
3350
3371
3701
3351
3372
3702
3352
3373
3703
3353
3374
3704
3354
3375
3705
3355
3376
3706
3356
3377
3707
3357
3378
3708
3358
3379
3709
3359
3380
3710
3360
3381
3711
3361
3382
3712
3362
3383
3713
3363
3384
3714
3364
3385
3715
3365
3386
3716
3387
3717
3367
3388
3718
3368
3389
3719
3369
3390
3720
3370
3391
3721
3371
3392
3722
3372
3393
3723
3373
3394
3724
3374
3395
3725
3375
3396
3726
3376
3397
3727
3377
3398
3728
3378
3399
3729
3379
3400
3730
3380
3401
3731
3381
3402
3732
3382
3403
3733
3383
3404
3734
3384
3405
3735
3385
3406
3736
3386
3407
3737
3387
3408
3738
3409
3739
3389
3410
3740
3390
3411
3741
3391
3412
3742
3392
3413
3743
3393
3414
3744
3394
3415
3745
3395
3416
3746
3396
3417
3747
3397
3418
3748
3398
3419
3749
3399
3420
3750
3400
3421
3751
3401
3422
3752
3402
3423
3753
3403
3424
3754
3404
3425
3755
3405
3426
3756
3406
3427
3757
3407
3428
3758
3408
3429
3759
3409
3430
3760
3431
3761
3411
3432
3762
3412
3433
3763
3413
3434
3764
3414
3435
3765
3415
3436
3766
3416
3437
3767
3417
3438
3768
3418
3439
3769
3419
3440
3770
3420
3441
3771
3421
3442
3772
3422
3443
3773
3423
3444
3774
3424
3445
3775
3425
3446
3776
3426
3447
3777
3427
3448
3778
3428
3449
3779
3429
3450
3780
3430
3451
3781
3431
3452
3782
3453
3783
3433
3454
3784
3434
3455
3785
3435
3456
3786
3436
3457
3787
3437
3458
3788
3438
3459
3789
3439
3460
3790
3440
3461
3791
3441
3462
3792
3442
3463
3793
3443
3464
3794
3444
3465
3795
3445
3466
3796
3446
3467
3797
3447
3468
3798
3448
3469
3799
3449
3470
3800
3450
3471
3801
3451
3472
3802
3452
3473
3803
3453
3474
3804
3475
3805
3455
3476
3806
3456
3477
3807
3457
3478
3808
3458
3479
3809
3459
3480
3810
3460
3481
3811
3461
3482
3812
3462
3483
3813
3463
3484
3814
3464
3485
3815
3465
3486
3816
3466
3487
3817
3467
3488
3818
3468
3489
3819
3469
3490
3820
3470
3491
3821
3471
3492
3822
3472
3493
3823
3473
3494
3824
3474
3495
3825
3475
3496
3826
3497
3827
3477
3498
3828
3478
3499
3829
3479
3500
3830
3480
3501
3831
3481
3502
3832
3482
3503
3833
3483
3504
3834
3484
3505
3835
3485
3506
3836
3486
3507
3837
3487
3508
3838
3488
3509
3839
3489
3510
3840
3490
3511
3841
3491
3512
3842
3492
3513
3843
3493
3514
3844
3494
3515
3845
3495
3516
3846
3496
3517
3847
3497
3518
3848
3519
3849
3499
3850
3500
3851
3501
3852
3502
3853
3503
3854
3504
3855
3505
3856
3506
3857
3507
3858
3508
3859
3509
3860
3510
3861
3511
3862
3512
3863
3513
3864
3514
3865
3515
3866
3516
3867
3517
3868
3518
3869
3519
3870
3871
3521
3542
3872
3522
3543
3873
3523
3544
3874
3524
3545
3875
3525
3546
3876
3526
3547
3877
3527
3548
3878
3528
3549
3879
3529
3550
3880
3530
3551
3881
3531
3552
3882
3532
3553
3883
3533
3554
3884
3534
3555
3885
3535
3556
3886
3536
3557
3887
3537
3558
3888
3538
3559
3889
3539
3560
3890
3540
3561
3891
3541
3562
3892
3563
3893
3543
3564
3894
3544
3565
3895
3545
3566
3896
3546
3567
3897
3547
3568
3898
3548
3569
3899
3549
3570
3900
3550
3571
3901
3551
3572
3902
3552
3573
3903
3553
3574
3904
3554
3575
3905
3555
3576
3906
3556
3577
3907
3557
3578
3908
3558
3579
3909
3559
3580
3910
3560
3581
3911
3561
3582
3912
3562
3583
3913
3563
3584
3914
3585
3915
3565
3586
3916
3566
3587
3917
3567
3588
3918
3568
3589
3919
3569
3590
3920
3570
3591
3921
3571
3592
3922
3572
3593
3923
3573
3594
3924
3574
3595
3925
3575
3596
3926
3576
3597
3927
3577
3598
3928
3578
3599
3929
3579
3600
3930
3580
3601
3931
3581
3602
3932
3582
3603
3933
3583
3604
3934
3584
3605
3935
3585
3606
3936
3607
3937
3587
3608
3938
3588
3609
3939
3589
3610
3940
3590
3611
3941
3591
3612
3942
3592
3613
3943
3593
3614
3944
3594
3615
3945
3595
3616
3946
3596
3617
3947
3597
3618
3948
3598
3619
3949
3599
3620
3950
3600
3621
3951
3601
3622
3952
3602
3623
3953
3603
3624
3954
3604
3625
3955
3605
3626
3956
3606
3627
3957
3607
3628
3958
3629
3959
3609
3630
3960
3610
3631
3961
3611
3632
3962
3612
3633
3963
3613
3634
3964
3614
3635
3965
3615
3636
3966
3616
3637
3967
3617
3638
3968
3618
3639
3969
3619
3640
3970
3620
3641
3971
3621
3642
3972
3622
3643
3973
3623
3644
3974
3624
3645
3975
3625
3646
3976
3626
3647
3977
3627
3648
3978
3628
3649
3979
3629
3650
3980
3651
3981
3631
3652
3982
3632
3653
3983
3633
3654
3984
3634
3655
3985
3635
3656
3986
3636
3657
3987
3637
3658
3988
3638
3659
3989
3639
3660
3990
3640
3661
3991
3641
3662
3992
3642
3663
3993
3643
3664
3994
3644
3665
3995
3645
3666
3996
3646
3667
3997
3647
3668
3998
3648
3669
3999
3649
3670
4000
3650
3671
4001
3651
3672
4002
3673
4003
3653
3674
4004
3654
3675
4005
3655
3676
4006
3656
3677
4007
3657
3678
4008
3658
3679
4009
3659
3680
4010
3660
3681
4011
3661
3682
4012
3662
3683
4013
3663
3684
4014
3664
3685
4015
3665
3686
4016
3666
3687
4017
3667
3688
4018
3668
3689
4019
3669
3690
4020
3670
3691
4021
3671
3692
4022
3672
3693
4023
3673
3694
4024
3695
4025
3675
3696
4026
3676
3697
4027
3677
3698
4028
3678
3699
4029
3679
3700
4030
3680
3701
4031
3681
3702
4032
3682
3703
4033
3683
3704
4034
3684
3705
4035
3685
3706
4036
3686
3707
4037
3687
3708
4038
3688
3709
4039
3689
3710
4040
3690
3711
4041
3691
3712
4042
3692
3713
4043
3693
3714
4044
3694
3715
4045
3695
3716
4046
3717
4047
3697
3718
4048
3698
3719
4049
3699
3720
4050
3700
3721
4051
3701
3722
4052
3702
3723
4053
3703
3724
4054
3704
3725
4055
3705
3726
4056
3706
3727
4057
3707
3728
4058
3708
3729
4059
3709
3730
4060
3710
3731
4061
3711
3732
4062
3712
3733
4063
3713
3734
4064
3714
3735
4065
3715
3736
4066
3716
3737
4067
3717
3738
4068
3739
4069
3719
3740
4070
3720
3741
4071
3721
3742
4072
3722
3743
4073
3723
3744
4074
3724
3745
4075
3725
3746
4076
3726
3747
4077
3727
3748
4078
3728
3749
4079
3729
3750
4080
3730
3751
4081
3731
3752
4082
3732
3753
4083
3733
3754
4084
3734
3755
4085
3735
3756
4086
3736
3757
4087
3737
3758
4088
3738
3759
4089
3739
3760
4090
3761
4091
3741
3762
4092
3742
3763
4093
3743
3764
4094
3744
3765
4095
3745
3766
4096
3746
3767
4097
3747
3768
4098
3748
3769
4099
3749
3770
4100
3750
3771
4101
3751
3772
4102
3752
3773
4103
3753
3774
4104
3754
3775
4105
3755
3776
4106
3756
3777
4107
3757
3778
4108
3758
3779
4109
3759
3780
4110
3760
3781
4111
3761
3782
4112
3783
4113
3763
3784
4114
3764
3785
4115
3765
3786
4116
3766
3787
4117
3767
3788
4118
3768
3789
4119
3769
3790
4120
3770
3791
4121
3771
3792
4122
3772
3793
4123
3773
3794
4124
3774
3795
4125
3775
3796
4126
3776
3797
4127
3777
3798
4128
3778
3799
4129
3779
3800
4130
3780
3801
4131
3781
3802
4132
3782
3803
4133
3783
3804
4134
3805
4135
3785
3806
4136
3786
3807
4137
3787
3808
4138
3788
3809
4139
3789
3810
4140
3790
3811
4141
3791
3812
4142
3792
3813
4143
3793
3814
4144
3794
3815
4145
3795
3816
4146
3796
3817
4147
3797
3818
4148
3798
3819
4149
3799
3820
4150
3800
3821
4151
3801
3822
4152
3802
3823
4153
3803
3824
4154
3804
3825
4155
3805
3826
4156
3827
4157
3807
3828
4158
3808
3829
4159
3809
3830
4160
3810
3831
4161
3811
3832
4162
3812
3833
4163
3813
3834
4164
3814
3835
4165
3815
3836
4166
3816
3837
4167
3817
3838
4168
3818
3839
4169
3819
3840
4170
3820
3841
4171
3821
3842
4172
3822
3843
4173
3823
3844
4174
3824
3845
4175
3825
3846
4176
3826
3847
4177
3827
3848
4178
3849
4179
3829
3850
4180
3830
3851
4181
3831
3852
4182
3832
3853
4183
3833
3854
4184
3834
3855
4185
3835
3856
4186
3836
3857
4187
3837
3858
4188
3838
3859
4189
3839
3860
4190
3840
3861
4191
3841
3862
4192
3842
3863
4193
3843
3864
4194
3844
3865
4195
3845
3866
4196
3846
3867
4197
3847
3868
4198
3848
3869
4199
3849
3870
4200
3871
4201
3851
4202
3852
4203
3853
4204
3854
4205
3855
4206
3856
4207
3857
4208
3858
4209
3859
4210
3860
4211
3861
4212
3862
4213
3863
4214
3864
4215
3865
4216
3866
4217
3867
4218
3868
4219
3869
4220
3870
4221
3871
4222
4223
3873
3894
4224
3874
3895
4225
3875
3896
4226
3876
3897
4227
3877
3898
4228
3878
3899
4229
3879
3900
4230
3880
3901
4231
3881
3902
4232
3882
3903
4233
3883
3904
4234
3884
3905
4235
3885
3906
4236
3886
3907
4237
3887
3908
4238
3888
3909
4239
3889
3910
4240
3890
3911
4241
3891
3912
4242
3892
3913
4243
3893
3914
4244
3915
4245
3895
3916
4246
3896
3917
4247
3897
3918
4248
3898
3919
4249
3899
3920
4250
3900
3921
4251
3901
3922
4252
3902
3923
4253
3903
3924
4254
3904
3925
4255
3905
3926
4256
3906
3927
4257
3907
3928
4258
3908
3929
4259
3909
3930
4260
3910
3931
4261
3911
3932
4262
3912
3933
4263
3913
3934
4264
3914
3935
4265
3915
3936
4266
3937
4267
3917
3938
4268
3918
3939
4269
3919
3940
4270
3920
3941
4271
3921
3942
4272
3922
3943
4273
3923
3944
4274
3924
3945
4275
3925
3946
4276
3926
3947
4277
3927
3948
4278
3928
3949
4279
3929
3950
4280
3930
3951
4281
3931
3952
4282
3932
3953
4283
3933
3954
4284
3934
3955
4285
3935
3956
4286
3936
3957
4287
3937
3958
4288
3959
4289
3939
3960
4290
3940
3961
4291
3941
3962
4292
3942
3963
4293
3943
3964
4294
3944
3965
4295
3945
3966
4296
3946
3967
4297
3947
3968
4298
3948
3969
4299
3949
3970
4300
3950
3971
4301
3951
3972
4302
3952
3973
4303
3953
3974
4304
3954
3975
4305
3955
3976
4306
3956
3977
4307
3957
3978
4308
3958
3979
4309
3959
3980
4310
3981
4311
3961
3982
4312
3962
3983
4313
3963
3984
4314
3964
3985
4315
3965
3986
4316
3966
3987
4317
3967
3988
4318
3968
3989
4319
3969
3990
4320
3970
3991
4321
3971
3992
4322
3972
3993
4323
3973
3994
4324
3974
3995
4325
3975
3996
4326
3976
3997
4327
3977
3998
4328
3978
3999
4329
3979
4000
4330
3980
4001
4331
3981
4002
4332
4003
4333
3983
4004
4334
3984
4005
4335
3985
4006
4336
3986
4007
4337
3987
4008
4338
3988
4009
4339
3989
4010
4340
3990
4011
4341
3991
4012
4342
3992
4013
4343
3993
4014
4344
3994
4015
4345
3995
4016
4346
3996
4017
4347
3997
4018
4348
3998
4019
4349
3999
4020
4350
4000
4021
4351
4001
4022
4352
4002
4023
4353
4003
4024
4354
4025
4355
4005
4026
4356
4006
4027
4357
4007
4028
4358
4008
4029
4359
4009
4030
4360
4010
4031
4361
4011
4032
4362
4012
4033
4363
4013
4034
4364
4014
4035
4365
4015
4036
4366
4016
4037
4367
4017
4038
4368
4018
4039
4369
4019
4040
4370
4020
4041
4371
4021
4042
4372
4022
4043
4373
4023
4044
4374
4024
4045
4375
4025
4046
4376
4047
4377
4027
4048
4378
4028
4049
4379
4029
4050
4380
4030
4051
4381
4031
4052
4382
4032
4053
4383
4033
4054
4384
4034
4055
4385
4035
4056
4386
4036
4057
4387
4037
4058
4388
4038
4059
4389
4039
4060
4390
4040
4061
4391
4041
4062
4392
4042
4063
4393
4043
4064
4394
4044
4065
4395
4045
4066
4396
4046
4067
4397
4047
4068
4398
4069
4399
4049
4070
4400
4050
4071
4401
4051
4072
4402
4052
4073
4403
4053
4074
4404
4054
4075
4405
4055
4076
4406
4056
4077
4407
4057
4078
4408
4058
4079
4409
4059
4080
4410
4060
4081
4411
4061
4082
4412
4062
4083
4413
4063
4084
4414
4064
4085
4415
4065
4086
4416
4066
4087
4417
4067
4088
4418
4068
4089
4419
4069
4090
4420
4091
4421
4071
4092
4422
4072
4093
4423
4073
4094
4424
4074
4095
4425
4075
4096
4426
4076
4097
4427
4077
4098
4428
4078
4099
4429
4079
4100
4430
4080
4101
4431
4081
4102
4432
4082
4103
4433
4083
4104
4434
4084
4105
4435
4085
4106
4436
4086
4107
4437
4087
4108
4438
4088
4109
4439
4089
4110
4440
4090
4111
4441
4091
4112
4442
4113
4443
4093
4114
4444
4094
4115
4445
4095
4116
4446
4096
4117
4447
4097
4118
4448
4098
4119
4449
4099
4120
4450
4100
4121
4451
4101
4122
4452
4102
4123
4453
4103
4124
4454
4104
4125
4455
4105
4126
4456
4106
4127
4457
4107
4128
4458
4108
4129
4459
4109
4130
4460
4110
4131
4461
4111
4132
4462
4112
4133
4463
4113
4134
4464
4135
4465
4115
4136
4466
4116
4137
4467
4117
4138
4468
4118
4139
4469
4119
4140
4470
4120
4141
4471
4121
4142
4472
4122
4143
4473
4123
4144
4474
4124
4145
4475
4125
4146
4476
4126
4147
4477
4127
4148
4478
4128
4149
4479
4129
4150
4480
4130
4151
4481
4131
4152
4482
4132
4153
4483
4133
4154
4484
4134
4155
4485
4135
4156
4486
4157
4487
4137
4158
4488
4138
4159
4489
4139
4160
4490
4140
4161
4491
4141
4162
4492
4142
4163
4493
4143
4164
4494
4144
4165
4495
4145
4166
4496
4146
4167
4497
4147
4168
4498
4148
4169
4499
4149
4170
4500
4150
4171
4501
4151
4172
4502
4152
4173
4503
4153
4174
4504
4154
4175
4505
4155
4176
4506
4156
4177
4507
4157
4178
4508
4179
4509
4159
4180
4510
4160
4181
4511
4161
4182
4512
4162
4183
4513
4163
4184
4514
4164
4185
4515
4165
4186
4516
4166
4187
4517
4167
4188
4518
4168
4189
4519
4169
4190
4520
4170
4191
4521
4171
4192
4522
4172
4193
4523
4173
4194
4524
4174
4195
4525
4175
4196
4526
4176
4197
4527
4177
4198
4528
4178
4199
4529
4179
4200
4530
4201
4531
4181
4202
4532
4182
4203
4533
4183
4204
4534
4184
4205
4535
4185
4206
4536
4186
4207
4537
4187
4208
4538
4188
4209
4539
4189
4210
4540
4190
4211
4541
4191
4212
4542
4192
4213
4543
4193
4214
4544
4194
4215
4545
4195
4216
4546
4196
4217
4547
4197
4218
4548
4198
4219
4549
4199
4220
4550
4200
4221
4551
4201
4222
4552
4223
4553
4203
4554
4204
4555
4205
4556
4206
4557
4207
4558
4208
4559
4209
4560
4210
4561
4211
4562
4212
4563
4213
4564
4214
4565
4215
4566
4216
4567
4217
4568
4218
4569
4219
4570
4220
4571
4221
4572
4222
4573
4223
4574
4575
4225
4246
4226
4247
4227
4248
4228
4249
4229
4250
4230
4251
4231
4252
4232
4253
4233
4254
4234
4255
4235
4256
4236
4257
4237
4258
4238
4259
4239
4260
4240
4261
4241
4262
4242
4263
4243
4264
4244
4265
4245
4266
4267
4247
4268
4248
4269
4249
4270
4250
4271
4251
4272
4252
4273
4253
4274
4254
4275
4255
4276
4256
4277
4257
4278
4258
4279
4259
4280
4260
4281
4261
4282
4262
4283
4263
4284
4264
4285
4265
4286
4266
4287
4267
4288
4289
4269
4290
4270
4291
4271
4292
4272
4293
4273
4294
4274
4295
4275
4296
4276
4297
4277
4298
4278
4299
4279
4300
4280
4301
4281
4302
4282
4303
4283
4304
4284
4305
4285
4306
4286
4307
4287
4308
4288
4309
4289
4310
4311
4291
4312
4292
4313
4293
4314
4294
4315
4295
4316
4296
4317
4297
4318
4298
4319
4299
4320
4300
4321
4301
4322
4302
4323
4303
4324
4304
4325
4305
4326
4306
4327
4307
4328
4308
4329
4309
4330
4310
4331
4311
4332
4333
4313
4334
4314
4335
4315
4336
4316
4337
4317
4338
4318
4339
4319
4340
4320
4341
4321
4342
4322
4343
4323
4344
4324
4345
4325
4346
4326
4347
4327
4348
4328
4349
4329
4350
4330
4351
4331
4352
4332
4353
4333
4354
4355
4335
4356
4336
4357
4337
4358
4338
4359
4339
4360
4340
4361
4341
4362
4342
4363
4343
4364
4344
4365
4345
4366
4346
4367
4347
4368
4348
4369
4349
4370
4350
4371
4351
4372
4352
4373
4353
4374
4354
4375
4355
4376
4377
4357
4378
4358
4379
4359
4380
4360
4381
4361
4382
4362
4383
4363
4384
4364
4385
4365
4386
4366
4387
4367
4388
4368
4389
4369
4390
4370
4391
4371
4392
4372
4393
4373
4394
4374
4395
4375
4396
4376
4397
4377
4398
4399
4379
4400
4380
4401
4381
4402
4382
4403
4383
4404
4384
4405
4385
4406
4386
4407
4387
4408
4388
4409
4389
4410
4390
4411
4391
4412
4392
4413
4393
4414
4394
4415
4395
4416
4396
4417
4397
4418
4398
4419
4399
4420
4421
4401
4422
4402
4423
4403
4424
4404
4425
4405
4426
4406
4427
4407
4428
4408
4429
4409
4430
4410
4431
4411
4432
4412
4433
4413
4434
4414
4435
4415
4436
4416
4437
4417
4438
4418
4439
4419
4440
4420
4441
4421
4442
4443
4423
4444
4424
4445
4425
4446
4426
4447
4427
4448
4428
4449
4429
4450
4430
4451
4431
4452
4432
4453
4433
4454
4434
4455
4435
4456
4436
4457
4437
4458
4438
4459
4439
4460
4440
4461
4441
4462
4442
4463
4443
4464
4465
4445
4466
4446
4467
4447
4468
4448
4469
4449
4470
4450
4471
4451
4472
4452
4473
4453
4474
4454
4475
4455
4476
4456
4477
4457
4478
4458
4479
4459
4480
4460
4481
4461
4482
4462
4483
4463
4484
4464
4485
4465
4486
4487
4467
4488
4468
4489
4469
4490
4470
4491
4471
4492
4472
4493
4473
4494
4474
4495
4475
4496
4476
4497
4477
4498
4478
4499
4479
4500
4480
4501
4481
4502
4482
4503
4483
4504
4484
4505
4485
4506
4486
4507
4487
4508
4509
4489
4510
4490
4511
4491
4512
4492
4513
4493
4514
4494
4515
4495
4516
4496
4517
4497
4518
4498
4519
4499
4520
4500
4521
4501
4522
4502
4523
4503
4524
4504
4525
4505
4526
4506
4527
4507
4528
4508
4529
4509
4530
4531
4511
4532
4512
4533
4513
4534
4514
4535
4515
4536
4516
4537
4517
4538
4518
4539
4519
4540
4520
4541
4521
4542
4522
4543
4523
4544
4524
4545
4525
4546
4526
4547
4527
4548
4528
4549
4529
4550
4530
4551
4531
4552
4553
4533
4554
4534
4555
4535
4556
4536
4557
4537
4558
4538
4559
4539
4560
4540
4561
4541
4562
4542
4563
4543
4564
4544
4565
4545
4566
4546
4567
4547
4568
4548
4569
4549
4570
4550
4571
4551
4572
4552
4573
4553
4574
4575
4555
4556
4557
4558
4559
4560
4561
4562
4563
4564
4565
4566
4567
4568
4569
4570
4571
4572
4573
4574
4575
4577
4598
4928
4578
4599
4929
4579
4600
4930
4580
4601
4931
4581
4602
4932
4582
4603
4933
4583
4604
4934
4584
4605
4935
4585
4606
4936
4586
4607
4937
4587
4608
4938
4588
4609
4939
4589
4610
4940
4590
4611
4941
4591
4612
4942
4592
4613
4943
4593
4614
4944
4594
4615
4945
4595
4616
4946
4596
4617
4947
4597
4618
4948
4619
4949
4599
4620
4950
4600
4621
4951
4601
4622
4952
4602
4623
4953
4603
4624
4954
4604
4625
4955
4605
4626
4956
4606
4627
4957
4607
4628
4958
4608
4629
4959
4609
4630
4960
4610
4631
4961
4611
4632
4962
4612
4633
4963
4613
4634
4964
4614
4635
4965
4615
4636
4966
4616
4637
4967
4617
4638
4968
4618
4639
4969
4619
4640
4970
4641
4971
4621
4642
4972
4622
4643
4973
4623
4644
4974
4624
4645
4975
4625
4646
4976
4626
4647
4977
4627
4648
4978
4628
4649
4979
4629
4650
4980
4630
4651
4981
4631
4652
4982
4632
4653
4983
4633
4654
4984
4634
4655
4985
4635
4656
4986
4636
4657
4987
4637
4658
4988
4638
4659
4989
4639
4660
4990
4640
4661
4991
4641
4662
4992
4663
4993
4643
4664
4994
4644
4665
4995
4645
4666
4996
4646
4667
4997
4647
4668
4998
4648
4669
4999
4649
4670
5000
4650
4671
5001
4651
4672
5002
4652
4673
5003
4653
4674
5004
4654
4675
5005
4655
4676
5006
4656
4677
5007
4657
4678
5008
4658
4679
5009
4659
4680
5010
4660
4681
5011
4661
4682
5012
4662
4683
5013
4663
4684
5014
4685
5015
4665
4686
5016
4666
4687
5017
4667
4688
5018
4668
4689
5019
4669
4690
5020
4670
4691
5021
4671
4692
5022
4672
4693
5023
4673
4694
5024
4674
4695
5025
4675
4696
5026
4676
4697
5027
4677
4698
5028
4678
4699
5029
4679
4700
5030
4680
4701
5031
4681
4702
5032
4682
4703
5033
4683
4704
5034
4684
4705
5035
4685
4706
5036
4707
5037
4687
4708
5038
4688
4709
5039
4689
4710
5040
4690
4711
5041
4691
4712
5042
4692
4713
5043
4693
4714
5044
4694
4715
5045
4695
4716
5046
4696
4717
5047
4697
4718
5048
4698
4719
5049
4699
4720
5050
4700
4721
5051
4701
4722
5052
4702
4723
5053
4703
4724
5054
4704
4725
5055
4705
4726
5056
4706
4727
5057
4707
4728
5058
4729
5059
4709
4730
5060
4710
4731
5061
4711
4732
5062
4712
4733
5063
4713
4734
5064
4714
4735
5065
4715
4736
5066
4716
4737
5067
4717
4738
5068
4718
4739
5069
4719
4740
5070
4720
4741
5071
4721
4742
5072
4722
4743
5073
4723
4744
5074
4724
4745
5075
4725
4746
5076
4726
4747
5077
4727
4748
5078
4728
4749
5079
4729
4750
5080
4751
5081
4731
4752
5082
4732
4753
5083
4733
4754
5084
4734
4755
5085
4735
4756
5086
4736
4757
5087
4737
4758
5088
4738
4759
5089
4739
4760
5090
4740
4761
5091
4741
4762
5092
4742
4763
5093
4743
4764
5094
4744
4765
5095
4745
4766
5096
4746
4767
5097
4747
4768
5098
4748
4769
5099
4749
4770
5100
4750
4771
5101
4751
4772
5102
4773
5103
4753
4774
5104
4754
4775
5105
4755
4776
5106
4756
4777
5107
4757
4778
5108
4758
4779
5109
4759
4780
5110
4760
4781
5111
4761
4782
5112
4762
4783
5113
4763
4784
5114
4764
4785
5115
4765
4786
5116
4766
4787
5117
4767
4788
5118
4768
4789
5119
4769
4790
5120
4770
4791
5121
4771
4792
5122
4772
4793
5123
4773
4794
5124
4795
5125
4775
4796
5126
4776
4797
5127
4777
4798
5128
4778
4799
5129
4779
4800
5130
4780
4801
5131
4781
4802
5132
4782
4803
5133
4783
4804
5134
4784
4805
5135
4785
4806
5136
4786
4807
5137
4787
4808
5138
4788
4809
5139
4789
4810
5140
4790
4811
5141
4791
4812
5142
4792
4813
5143
4793
4814
5144
4794
4815
5145
4795
4816
5146
4817
5147
4797
4818
5148
4798
4819
5149
4799
4820
5150
4800
4821
5151
4801
4822
5152
4802
4823
5153
4803
4824
5154
4804
4825
5155
4805
4826
5156
4806
4827
5157
4807
4828
5158
4808
4829
5159
4809
4830
5160
4810
4831
5161
4811
4832
5162
4812
4833
5163
4813
4834
5164
4814
4835
5165
4815
4836
5166
4816
4837
5167
4817
4838
5168
4839
5169
4819
4840
5170
4820
4841
5171
4821
4842
5172
4822
4843
5173
4823
4844
5174
4824
4845
5175
4825
4846
5176
4826
4847
5177
4827
4848
5178
4828
4849
5179
4829
4850
5180
4830
4851
5181
4831
4852
5182
4832
4853
5183
4833
4854
5184
4834
4855
5185
4835
4856
5186
4836
4857
5187
4837
4858
5188
4838
4859
5189
4839
4860
5190
4861
5191
4841
4862
5192
4842
4863
5193
4843
4864
5194
4844
4865
5195
4845
4866
5196
4846
4867
5197
4847
4868
5198
4848
4869
5199
4849
4870
5200
4850
4871
5201
4851
4872
5202
4852
4873
5203
4853
4874
5204
4854
4875
5205
4855
4876
5206
4856
4877
5207
4857
4878
5208
4858
4879
5209
4859
4880
5210
4860
4881
5211
4861
4882
5212
4883
5213
4863
4884
5214
4864
4885
5215
4865
4886
5216
4866
4887
5217
4867
4888
5218
4868
4889
5219
4869
4890
5220
4870
4891
5221
4871
4892
5222
4872
4893
5223
4873
4894
5224
4874
4895
5225
4875
4896
5226
4876
4897
5227
4877
4898
5228
4878
4899
5229
4879
4900
5230
4880
4901
5231
4881
4902
5232
4882
4903
5233
4883
4904
5234
4905
5235
4885
4906
5236
4886
4907
5237
4887
4908
5238
4888
4909
5239
4889
4910
5240
4890
4911
5241
4891
4912
5242
4892
4913
5243
4893
4914
5244
4894
4915
5245
4895
4916
5246
4896
4917
5247
4897
4918
5248
4898
4919
5249
4899
4920
5250
4900
4921
5251
4901
4922
5252
4902
4923
5253
4903
4924
5254
4904
4925
5255
4905
4926
5256
4927
5257
4907
5258
5632
4908
5259
5633
4909
5260
5634
4910
5261
5635
4911
5262
5636
4912
5263
5637
4913
5264
5638
4914
5265
5639
4915
5266
5640
4916
5267
5641
4917
5268
5642
4918
5269
5643
4919
5270
5644
4920
5271
5645
4921
5272
5646
4922
5273
5647
4923
5274
5648
4924
5275
5649
4925
5276
5650
4926
5277
5651
4927
5278
5652
5279
5653
4929
4950
5280
4930
4951
5281
4931
4952
5282
4932
4953
5283
4933
4954
5284
4934
4955
5285
4935
4956
5286
4936
4957
5287
4937
4958
5288
4938
4959
5289
4939
4960
5290
4940
4961
5291
4941
4962
5292
4942
4963
5293
4943
4964
5294
4944
4965
5295
4945
4966
5296
4946
4967
5297
4947
4968
5298
4948
4969
5299
4949
4970
5300
4971
5301
4951
4972
5302
4952
4973
5303
4953
4974
5304
4954
4975
5305
4955
4976
5306
4956
4977
5307
4957
4978
5308
4958
4979
5309
4959
4980
5310
4960
4981
5311
4961
4982
5312
4962
4983
5313
4963
4984
5314
4964
4985
5315
4965
4986
5316
4966
4987
5317
4967
4988
5318
4968
4989
5319
4969
4990
5320
4970
4991
5321
4971
4992
5322
4993
5323
4973
4994
5324
4974
4995
5325
4975
4996
5326
4976
4997
5327
4977
4998
5328
4978
4999
5329
4979
5000
5330
4980
5001
5331
4981
5002
5332
4982
5003
5333
4983
5004
5334
4984
5005
5335
4985
5006
5336
4986
5007
5337
4987
5008
5338
4988
5009
5339
4989
5010
5340
4990
5011
5341
4991
5012
5342
4992
5013
5343
4993
5014
5344
5015
5345
4995
5016
5346
4996
5017
5347
4997
5018
5348
4998
5019
5349
4999
5020
5350
5000
5021
5351
5001
5022
5352
5002
5023
5353
5003
5024
5354
5004
5025
5355
5005
5026
5356
5006
5027
5357
5007
5028
5358
5008
5029
5359
5009
5030
5360
5010
5031
5361
5011
5032
5362
5012
5033
5363
5013
5034
5364
5014
5035
5365
5015
5036
5366
5037
5367
5017
5038
5368
5018
5039
5369
5019
5040
5370
5020
5041
5371
5021
5042
5372
5022
5043
5373
5023
5044
5374
5024
5045
5375
5025
5046
5376
5026
5047
5377
5027
5048
5378
5028
5049
5379
5029
5050
5380
5030
5051
5381
5031
5052
5382
5032
5053
5383
5033
5054
5384
5034
5055
5385
5035
5056
5386
5036
5057
5387
5037
5058
5388
5059
5389
5039
5060
5390
5040
5061
5391
5041
5062
5392
5042
5063
5393
5043
5064
5394
5044
5065
5395
5045
5066
5396
5046
5067
5397
5047
5068
5398
5048
5069
5399
5049
5070
5400
5050
5071
5401
5051
5072
5402
5052
5073
5403
5053
5074
5404
5054
5075
5405
5055
5076
5406
5056
5077
5407
5057
5078
5408
5058
5079
5409
5059
5080
5410
5081
5411
5061
5082
5412
5062
5083
5413
5063
5084
5414
5064
5085
5415
5065
5086
5416
5066
5087
5417
5067
5088
5418
5068
5089
5419
5069
5090
5420
5070
5091
5421
5071
5092
5422
5072
5093
5423
5073
5094
5424
5074
5095
5425
5075
5096
5426
5076
5097
5427
5077
5098
5428
5078
5099
5429
5079
5100
5430
5080
5101
5431
5081
5102
5432
5103
5433
5083
5104
5434
5084
5105
5435
5085
5106
5436
5086
5107
5437
5087
5108
5438
5088
5109
5439
5089
5110
5440
5090
5111
5441
5091
5112
5442
5092
5113
5443
5093
5114
5444
5094
5115
5445
5095
5116
5446
5096
5117
5447
5097
5118
5448
5098
5119
5449
5099
5120
5450
5100
5121
5451
5101
5122
5452
5102
5123
5453
5103
5124
5454
5125
5455
5105
5126
5456
5106
5127
5457
5107
5128
5458
5108
5129
5459
5109
5130
5460
5110
5131
5461
5111
5132
5462
5112
5133
5463
5113
5134
5464
5114
5135
5465
5115
5136
5466
5116
5137
5467
5117
5138
5468
5118
5139
5469
5119
5140
5470
5120
5141
5471
5121
5142
5472
5122
5143
5473
5123
5144
5474
5124
5145
5475
5125
5146
5476
5147
5477
5127
5148
5478
5128
5149
5479
5129
5150
5480
5130
5151
5481
5131
5152
5482
5132
5153
5483
5133
5154
5484
5134
5155
5485
5135
5156
5486
5136
5157
5487
5137
5158
5488
5138
5159
5489
5139
5160
5490
5140
5161
5491
5141
5162
5492
5142
5163
5493
5143
5164
5494
5144
5165
5495
5145
5166
5496
5146
5167
5497
5147
5168
5498
5169
5499
5149
5170
5500
5150
5171
5501
5151
5172
5502
5152
5173
5503
5153
5174
5504
5154
5175
5505
5155
5176
5506
5156
5177
5507
5157
5178
5508
5158
5179
5509
5159
5180
5510
5160
5181
5511
5161
5182
5512
5162
5183
5513
5163
5184
5514
5164
5185
5515
5165
5186
5516
5166
5187
5517
5167
5188
5518
5168
5189
5519
5169
5190
5520
5191
5521
5171
5192
5522
5172
5193
5523
5173
5194
5524
5174
5195
5525
5175
5196
5526
5176
5197
5527
5177
5198
5528
5178
5199
5529
5179
5200
5530
5180
5201
5531
5181
5202
5532
5182
5203
5533
5183
5204
5534
5184
5205
5535
5185
5206
5536
5186
5207
5537
5187
5208
5538
5188
5209
5539
5189
5210
5540
5190
5211
5541
5191
5212
5542
5213
5543
5193
5214
5544
5194
5215
5545
5195
5216
5546
5196
5217
5547
5197
5218
5548
5198
5219
5549
5199
5220
5550
5200
5221
5551
5201
5222
5552
5202
5223
5553
5203
5224
5554
5204
5225
5555
5205
5226
5556
5206
5227
5557
5207
5228
5558
5208
5229
5559
5209
5230
5560
5210
5231
5561
5211
5232
5562
5212
5233
5563
5213
5234
5564
5235
5565
5215
5236
5566
5216
5237
5567
5217
5238
5568
5218
5239
5569
5219
5240
5570
5220
5241
5571
5221
5242
5572
5222
5243
5573
5223
5244
5574
5224
5245
5575
5225
5246
5576
5226
5247
5577
5227
5248
5578
5228
5249
5579
5229
5250
5580
5230
5251
5581
5231
5252
5582
5232
5253
5583
5233
5254
5584
5234
5255
5585
5235
5256
5586
5257
5587
5237
5258
5588
5238
5259
5589
5239
5260
5590
5240
5261
5591
5241
5262
5592
5242
5263
5593
5243
5264
5594
5244
5265
5595
5245
5266
5596
5246
5267
5597
5247
5268
5598
5248
5269
5599
5249
5270
5600
5250
5271
5601
5251
5272
5602
5252
5273
5603
5253
5274
5604
5254
5275
5605
5255
5276
5606
5256
5277
5607
5257
5278
5608
5279
5609
5259
5610
5984
5260
5611
5985
5261
5612
5986
5262
5613
5987
5263
5614
5988
5264
5615
5989
5265
5616
5990
5266
5617
5991
5267
5618
5992
5268
5619
5993
5269
5620
5994
5270
5621
5995
5271
5622
5996
5272
5623
5997
5273
5624
5998
5274
5625
5999
5275
5626
6000
5276
5627
6001
5277
5628
6002
5278
5629
6003
5279
5630
6004
5631
6005
5281
5302
5282
5303
5283
5304
5284
5305
5285
5306
5286
5307
5287
5308
5288
5309
5289
5310
5290
5311
5291
5312
5292
5313
5293
5314
5294
5315
5295
5316
5296
5317
5297
5318
5298
5319
5299
5320
5300
5321
5301
5322
5323
5303
5324
5304
5325
5305
5326
5306
5327
5307
5328
5308
5329
5309
5330
5310
5331
5311
5332
5312
5333
5313
5334
5314
5335
5315
5336
5316
5337
5317
5338
5318
5339
5319
5340
5320
5341
5321
5342
5322
5343
5323
5344
5345
5325
5346
5326
5347
5327
5348
5328
5349
5329
5350
5330
5351
5331
5352
5332
5353
5333
5354
5334
5355
5335
5356
5336
5357
5337
5358
5338
5359
5339
5360
5340
5361
5341
5362
5342
5363
5343
5364
5344
5365
5345
5366
5367
5347
5368
5348
5369
5349
5370
5350
5371
5351
5372
5352
5373
5353
5374
5354
5375
5355
5376
5356
5377
5357
5378
5358
5379
5359
5380
5360
5381
5361
5382
5362
5383
5363
5384
5364
5385
5365
5386
5366
5387
5367
5388
5389
5369
5390
5370
5391
5371
5392
5372
5393
5373
5394
5374
5395
5375
5396
5376
5397
5377
5398
5378
5399
5379
5400
5380
5401
5381
5402
5382
5403
5383
5404
5384
5405
5385
5406
5386
5407
5387
5408
5388
5409
5389
5410
5411
5391
5412
5392
5413
5393
5414
5394
5415
5395
5416
5396
5417
5397
5418
5398
5419
5399
5420
5400
5421
5401
5422
5402
5423
5403
5424
5404
5425
5405
5426
5406
5427
5407
5428
5408
5429
5409
5430
5410
5431
5411
5432
5433
5413
5434
5414
5435
5415
5436
5416
5437
5417
5438
5418
5439
5419
5440
5420
5441
5421
5442
5422
5443
5423
5444
5424
5445
5425
5446
5426
5447
5427
5448
5428
5449
5429
5450
5430
5451
5431
5452
5432
5453
5433
5454
5455
5435
5456
5436
5457
5437
5458
5438
5459
5439
5460
5440
5461
5441
5462
5442
5463
5443
5464
5444
5465
5445
5466
5446
5467
5447
5468
5448
5469
5449
5470
5450
5471
5451
5472
5452
5473
5453
5474
5454
5475
5455
5476
5477
5457
5478
5458
5479
5459
5480
5460
5481
5461
5482
5462
5483
5463
5484
5464
5485
5465
5486
5466
5487
5467
5488
5468
5489
5469
5490
5470
5491
5471
5492
5472
5493
5473
5494
5474
5495
5475
5496
5476
5497
5477
5498
5499
5479
5500
5480
5501
5481
5502
5482
5503
5483
5504
5484
5505
5485
5506
5486
5507
5487
5508
5488
5509
5489
5510
5490
5511
5491
5512
5492
5513
5493
5514
5494
5515
5495
5516
5496
5517
5497
5518
5498
5519
5499
5520
5521
5501
5522
5502
5523
5503
5524
5504
5525
5505
5526
5506
5527
5507
5528
5508
5529
5509
5530
5510
5531
5511
5532
5512
5533
5513
5534
5514
5535
5515
5536
5516
5537
5517
5538
5518
5539
5519
5540
5520
5541
5521
5542
5543
5523
5544
5524
5545
5525
5546
5526
5547
5527
5548
5528
5549
5529
5550
5530
5551
5531
5552
5532
5553
5533
5554
5534
5555
5535
5556
5536
5557
5537
5558
5538
5559
5539
5560
5540
5561
5541
5562
5542
5563
5543
5564
5565
5545
5566
5546
5567
5547
5568
5548
5569
5549
5570
5550
5571
5551
5572
5552
5573
5553
5574
5554
5575
5555
5576
5556
5577
5557
5578
5558
5579
5559
5580
5560
5581
5561
5582
5562
5583
5563
5584
5564
5585
5565
5586
5587
5567
5588
5568
5589
5569
5590
5570
5591
5571
5592
5572
5593
5573
5594
5574
5595
5575
5596
5576
5597
5577
5598
5578
5599
5579
5600
5580
5601
5581
5602
5582
5603
5583
5604
5584
5605
5585
5606
5586
5607
5587
5608
5609
5589
5610
5590
5611
5591
5612
5592
5613
5593
5614
5594
5615
5595
5616
5596
5617
5597
5618
5598
5619
5599
5620
5600
5621
5601
5622
5602
5623
5603
5624
5604
5625
5605
5626
5606
5627
5607
5628
5608
5629
5609
5630
5631
5611
6336
5612
6337
5613
6338
5614
6339
5615
6340
5616
6341
5617
6342
5618
6343
5619
6344
5620
6345
5621
6346
5622
6347
5623
6348
5624
6349
5625
6350
5626
6351
5627
6352
5628
6353
5629
6354
5630
6355
5631
6356
6357
5633
5654
5984
5634
5655
5985
5635
5656
5986
5636
5657
5987
5637
5658
5988
5638
5659
5989
5639
5660
5990
5640
5661
5991
5641
5662
5992
5642
5663
5993
5643
5664
5994
5644
5665
5995
5645
5666
5996
5646
5667
5997
5647
5668
5998
5648
5669
5999
5649
5670
6000
5650
5671
6001
5651
5672
6002
5652
5673
6003
5653
5674
6004
5675
6005
5655
5676
6006
5656
5677
6007
5657
5678
6008
5658
5679
6009
5659
5680
6010
5660
5681
6011
5661
5682
6012
5662
5683
6013
5663
5684
6014
5664
5685
6015
5665
5686
6016
5666
5687
6017
5667
5688
6018
5668
5689
6019
5669
5690
6020
5670
5691
6021
5671
5692
6022
5672
5693
6023
5673
5694
6024
5674
5695
6025
5675
5696
6026
5697
6027
5677
5698
6028
5678
5699
6029
5679
5700
6030
5680
5701
6031
5681
5702
6032
5682
5703
6033
5683
5704
6034
5684
5705
6035
5685
5706
6036
5686
5707
6037
5687
5708
6038
5688
5709
6039
5689
5710
6040
5690
5711
6041
5691
5712
6042
5692
5713
6043
5693
5714
6044
5694
5715
6045
5695
5716
6046
5696
5717
6047
5697
5718
6048
5719
6049
5699
5720
6050
5700
5721
6051
5701
5722
6052
5702
5723
6053
5703
5724
6054
5704
5725
6055
5705
5726
6056
5706
5727
6057
5707
5728
6058
5708
5729
6059
5709
5730
6060
5710
5731
6061
5711
5732
6062
5712
5733
6063
5713
5734
6064
5714
5735
6065
5715
5736
6066
5716
5737
6067
5717
5738
6068
5718
5739
6069
5719
5740
6070
5741
6071
5721
5742
6072
5722
5743
6073
5723
5744
6074
5724
5745
6075
5725
5746
6076
5726
5747
6077
5727
5748
6078
5728
5749
6079
5729
5750
6080
5730
5751
6081
5731
5752
6082
5732
5753
6083
5733
5754
6084
5734
5755
6085
5735
5756
6086
5736
5757
6087
5737
5758
6088
5738
5759
6089
5739
5760
6090
5740
5761
6091
5741
5762
6092
5763
6093
5743
5764
6094
5744
5765
6095
5745
5766
6096
5746
5767
6097
5747
5768
6098
5748
5769
6099
5749
5770
6100
5750
5771
6101
5751
5772
6102
5752
5773
6103
5753
5774
6104
5754
5775
6105
5755
5776
6106
5756
5777
6107
5757
5778
6108
5758
5779
6109
5759
5780
6110
5760
5781
6111
5761
5782
6112
5762
5783
6113
5763
5784
6114
5785
6115
5765
5786
6116
5766
5787
6117
5767
5788
6118
5768
5789
6119
5769
5790
6120
5770
5791
6121
5771
5792
6122
5772
5793
6123
5773
5794
6124
5774
5795
6125
5775
5796
6126
5776
5797
6127
5777
5798
6128
5778
5799
6129
5779
5800
6130
5780
5801
6131
5781
5802
6132
5782
5803
6133
5783
5804
6134
5784
5805
6135
5785
5806
6136
5807
6137
5787
5808
6138
5788
5809
6139
5789
5810
6140
5790
5811
6141
5791
5812
6142
5792
5813
6143
5793
5814
6144
5794
5815
6145
5795
5816
6146
5796
5817
6147
5797
5818
6148
5798
5819
6149
5799
5820
6150
5800
5821
6151
5801
5822
6152
5802
5823
6153
5803
5824
6154
5804
5825
6155
5805
5826
6156
5806
5827
6157
5807
5828
6158
5829
6159
5809
5830
6160
5810
5831
6161
5811
5832
6162
5812
5833
6163
5813
5834
6164
5814
5835
6165
5815
5836
6166
5816
5837
6167
5817
5838
6168
5818
5839
6169
5819
5840
6170
5820
5841
6171
5821
5842
6172
5822
5843
6173
5823
5844
6174
5824
5845
6175
5825
5846
6176
5826
5847
6177
5827
5848
6178
5828
5849
6179
5829
5850
6180
5851
6181
5831
5852
6182
5832
5853
6183
5833
5854
6184
5834
5855
6185
5835
5856
6186
5836
5857
6187
5837
5858
6188
5838
5859
6189
5839
5860
6190
5840
5861
6191
5841
5862
6192
5842
5863
6193
5843
5864
6194
5844
5865
6195
5845
5866
6196
5846
5867
6197
5847
5868
6198
5848
5869
6199
5849
5870
6200
5850
5871
6201
5851
5872
6202
5873
6203
5853
5874
6204
5854
5875
6205
5855
5876
6206
5856
5877
6207
5857
5878
6208
5858
5879
6209
5859
5880
6210
5860
5881
6211
5861
5882
6212
5862
5883
6213
5863
5884
6214
5864
5885
6215
5865
5886
6216
5866
5887
6217
5867
5888
6218
5868
5889
6219
5869
5890
6220
5870
5891
6221
5871
5892
6222
5872
5893
6223
5873
5894
6224
5895
6225
5875
5896
6226
5876
5897
6227
5877
5898
6228
5878
5899
6229
5879
5900
6230
5880
5901
6231
5881
5902
6232
5882
5903
6233
5883
5904
6234
5884
5905
6235
5885
5906
6236
5886
5907
6237
5887
5908
6238
5888
5909
6239
5889
5910
6240
5890
5911
6241
5891
5912
6242
5892
5913
6243
5893
5914
6244
5894
5915
6245
5895
5916
6246
5917
6247
5897
5918
6248
5898
5919
6249
5899
5920
6250
5900
5921
6251
5901
5922
6252
5902
5923
6253
5903
5924
6254
5904
5925
6255
5905
5926
6256
5906
5927
6257
5907
5928
6258
5908
5929
6259
5909
5930
6260
5910
5931
6261
5911
5932
6262
5912
5933
6263
5913
5934
6264
5914
5935
6265
5915
5936
6266
5916
5937
6267
5917
5938
6268
5939
6269
5919
5940
6270
5920
5941
6271
5921
5942
6272
5922
5943
6273
5923
5944
6274
5924
5945
6275
5925
5946
6276
5926
5947
6277
5927
5948
6278
5928
5949
6279
5929
5950
6280
5930
5951
6281
5931
5952
6282
5932
5953
6283
5933
5954
6284
5934
5955
6285
5935
5956
6286
5936
5957
6287
5937
5958
6288
5938
5959
6289
5939
5960
6290
5961
6291
5941
5962
6292
5942
5963
6293
5943
5964
6294
5944
5965
6295
5945
5966
6296
5946
5967
6297
5947
5968
6298
5948
5969
6299
5949
5970
6300
5950
5971
6301
5951
5972
6302
5952
5973
6303
5953
5974
6304
5954
5975
6305
5955
5976
6306
5956
5977
6307
5957
5978
6308
5958
5979
6309
5959
5980
6310
5960
5981
6311
5961
5982
6312
5983
6313
5963
6314
5964
6315
5965
6316
5966
6317
5967
6318
5968
6319
5969
6320
5970
6321
5971
6322
5972
6323
5973
6324
5974
6325
5975
6326
5976
6327
5977
6328
5978
6329
5979
6330
5980
6331
5981
6332
5982
6333
5983
6334
6335
5985
6006
6336
5986
6007
6337
5987
6008
6338
5988
6009
6339
5989
6010
6340
5990
6011
6341
5991
6012
6342
5992
6013
6343
5993
6014
6344
5994
6015
6345
5995
6016
6346
5996
6017
6347
5997
6018
6348
5998
6019
6349
5999
6020
6350
6000
6021
6351
6001
6022
6352
6002
6023
6353
6003
6024
6354
6004
6025
6355
6005
6026
6356
6027
6357
6007
6028
6358
6008
6029
6359
6009
6030
6360
6010
6031
6361
6011
6032
6362
6012
6033
6363
6013
6034
6364
6014
6035
6365
6015
6036
6366
6016
6037
6367
6017
6038
6368
6018
6039
6369
6019
6040
6370
6020
6041
6371
6021
6042
6372
6022
6043
6373
6023
6044
6374
6024
6045
6375
6025
6046
6376
6026
6047
6377
6027
6048
6378
6049
6379
6029
6050
6380
6030
6051
6381
6031
6052
6382
6032
6053
6383
6033
6054
6384
6034
6055
6385
6035
6056
6386
6036
6057
6387
6037
6058
6388
6038
6059
6389
6039
6060
6390
6040
6061
6391
6041
6062
6392
6042
6063
6393
6043
6064
6394
6044
6065
6395
6045
6066
6396
6046
6067
6397
6047
6068
6398
6048
6069
6399
6049
6070
6400
6071
6401
6051
6072
6402
6052
6073
6403
6053
6074
6404
6054
6075
6405
6055
6076
6406
6056
6077
6407
6057
6078
6408
6058
6079
6409
6059
6080
6410
6060
6081
6411
6061
6082
6412
6062
6083
6413
6063
6084
6414
6064
6085
6415
6065
6086
6416
6066
6087
6417
6067
6088
6418
6068
6089
6419
6069
6090
6420
6070
6091
6421
6071
6092
6422
6093
6423
6073
6094
6424
6074
6095
6425
6075
6096
6426
6076
6097
6427
6077
6098
6428
6078
6099
6429
6079
6100
6430
6080
6101
6431
6081
6102
6432
6082
6103
6433
6083
6104
6434
6084
6105
6435
6085
6106
6436
6086
6107
6437
6087
6108
6438
6088
6109
6439
6089
6110
6440
6090
6111
6441
6091
6112
6442
6092
6113
6443
6093
6114
6444
6115
6445
6095
6116
6446
6096
6117
6447
6097
6118
6448
6098
6119
6449
6099
6120
6450
6100
6121
6451
6101
6122
6452
6102
6123
6453
6103
6124
6454
6104
6125
6455
6105
6126
6456
6106
6127
6457
6107
6128
6458
6108
6129
6459
6109
6130
6460
6110
6131
6461
6111
6132
6462
6112
6133
6463
6113
6134
6464
6114
6135
6465
6115
6136
6466
6137
6467
6117
6138
6468
6118
6139
6469
6119
6140
6470
6120
6141
6471
6121
6142
6472
6122
6143
6473
6123
6144
6474
6124
6145
6475
6125
6146
6476
6126
6147
6477
6127
6148
6478
6128
6149
6479
6129
6150
6480
6130
6151
6481
6131
6152
6482
6132
6153
6483
6133
6154
6484
6134
6155
6485
6135
6156
6486
6136
6157
6487
6137
6158
6488
6159
6489
6139
6160
6490
6140
6161
6491
6141
6162
6492
6142
6163
6493
6143
6164
6494
6144
6165
6495
6145
6166
6496
6146
6167
6497
6147
6168
6498
6148
6169
6499
6149
6170
6500
6150
6171
6501
6151
6172
6502
6152
6173
6503
6153
6174
6504
6154
6175
6505
6155
6176
6506
6156
6177
6507
6157
6178
6508
6158
6179
6509
6159
6180
6510
6181
6511
6161
6182
6512
6162
6183
6513
6163
6184
6514
6164
6185
6515
6165
6186
6516
6166
6187
6517
6167
6188
6518
6168
6189
6519
6169
6190
6520
6170
6191
6521
6171
6192
6522
6172
6193
6523
6173
6194
6524
6174
6195
6525
6175
6196
6526
6176
6197
6527
6177
6198
6528
6178
6199
6529
6179
6200
6530
6180
6201
6531
6181
6202
6532
6203
6533
6183
6204
6534
6184
6205
6535
6185
6206
6536
6186
6207
6537
6187
6208
6538
6188
6209
6539
6189
6210
6540
6190
6211
6541
6191
6212
6542
6192
6213
6543
6193
6214
6544
6194
6215
6545
6195
6216
6546
6196
6217
6547
6197
6218
6548
6198
6219
6549
6199
6220
6550
6200
6221
6551
6201
6222
6552
6202
6223
6553
6203
6224
6554
6225
6555
6205
6226
6556
6206
6227
6557
6207
6228
6558
6208
6229
6559
6209
6230
6560
6210
6231
6561
6211
6232
6562
6212
6233
6563
6213
6234
6564
6214
6235
6565
6215
6236
6566
6216
6237
6567
6217
6238
6568
6218
6239
6569
6219
6240
6570
6220
6241
6571
6221
6242
6572
6222
6243
6573
6223
6244
6574
6224
6245
6575
6225
6246
6576
6247
6577
6227
6248
6578
6228
6249
6579
6229
6250
6580
6230
6251
6581
6231
6252
6582
6232
6253
6583
6233
6254
6584
6234
6255
6585
6235
6256
6586
6236
6257
6587
6237
6258
6588
6238
6259
6589
6239
6260
6590
6240
6261
6591
6241
6262
6592
6242
6263
6593
6243
6264
6594
6244
6265
6595
6245
6266
6596
6246
6267
6597
6247
6268
6598
6269
6599
6249
6270
6600
6250
6271
6601
6251
6272
6602
6252
6273
6603
6253
6274
6604
6254
6275
6605
6255
6276
6606
6256
6277
6607
6257
6278
6608
6258
6279
6609
6259
6280
6610
6260
6281
6611
6261
6282
6612
6262
6283
6613
6263
6284
6614
6264
6285
6615
6265
6286
6616
6266
6287
6617
6267
6288
6618
6268
6289
6619
6269
6290
6620
6291
6621
6271
6292
6622
6272
6293
6623
6273
6294
6624
6274
6295
6625
6275
6296
6626
6276
6297
6627
6277
6298
6628
6278
6299
6629
6279
6300
6630
6280
6301
6631
6281
6302
6632
6282
6303
6633
6283
6304
6634
6284
6305
6635
6285
6306
6636
6286
6307
6637
6287
6308
6638
6288
6309
6639
6289
6310
6640
6290
6311
6641
6291
6312
6642
6313
6643
6293
6314
6644
6294
6315
6645
6295
6316
6646
6296
6317
6647
6297
6318
6648
6298
6319
6649
6299
6320
6650
6300
6321
6651
6301
6322
6652
6302
6323
6653
6303
6324
6654
6304
6325
6655
6305
6326
6656
6306
6327
6657
6307
6328
6658
6308
6329
6659
6309
6330
6660
6310
6331
6661
6311
6332
6662
6312
6333
6663
6313
6334
6664
6335
6665
6315
6666
6316
6667
6317
6668
6318
6669
6319
6670
6320
6671
6321
6672
6322
6673
6323
6674
6324
6675
6325
6676
6326
6677
6327
6678
6328
6679
6329
6680
6330
6681
6331
6682
6332
6683
6333
6684
6334
6685
6335
6686
6687
6337
6358
6338
6359
6339
6360
6340
6361
6341
6362
6342
6363
6343
6364
6344
6365
6345
6366
6346
6367
6347
6368
6348
6369
6349
6370
6350
6371
6351
6372
6352
6373
6353
6374
6354
6375
6355
6376
6356
6377
6357
6378
6379
6359
6380
6360
6381
6361
6382
6362
6383
6363
6384
6364
6385
6365
6386
6366
6387
6367
6388
6368
6389
6369
6390
6370
6391
6371
6392
6372
6393
6373
6394
6374
6395
6375
6396
6376
6397
6377
6398
6378
6399
6379
6400
6401
6381
6402
6382
6403
6383
6404
6384
6405
6385
6406
6386
6407
6387
6408
6388
6409
6389
6410
6390
6411
6391
6412
6392
6413
6393
6414
6394
6415
6395
6416
6396
6417
6397
6418
6398
6419
6399
6420
6400
6421
6401
6422
6423
6403
6424
6404
6425
6405
6426
6406
6427
6407
6428
6408
6429
6409
6430
6410
6431
6411
6432
6412
6433
6413
6434
6414
6435
6415
6436
6416
6437
6417
6438
6418
6439
6419
6440
6420
6441
6421
6442
6422
6443
6423
6444
6445
6425
6446
6426
6447
6427
6448
6428
6449
6429
6450
6430
6451
6431
6452
6432
6453
6433
6454
6434
6455
6435
6456
6436
6457
6437
6458
6438
6459
6439
6460
6440
6461
6441
6462
6442
6463
6443
6464
6444
6465
6445
6466
6467
6447
6468
6448
6469
6449
6470
6450
6471
6451
6472
6452
6473
6453
6474
6454
6475
6455
6476
6456
6477
6457
6478
6458
6479
6459
6480
6460
6481
6461
6482
6462
6483
6463
6484
6464
6485
6465
6486
6466
6487
6467
6488
6489
6469
6490
6470
6491
6471
6492
6472
6493
6473
6494
6474
6495
6475
6496
6476
6497
6477
6498
6478
6499
6479
6500
6480
6501
6481
6502
6482
6503
6483
6504
6484
6505
6485
6506
6486
6507
6487
6508
6488
6509
6489
6510
6511
6491
6512
6492
6513
6493
6514
6494
6515
6495
6516
6496
6517
6497
6518
6498
6519
6499
6520
6500
6521
6501
6522
6502
6523
6503
6524
6504
6525
6505
6526
6506
6527
6507
6528
6508
6529
6509
6530
6510
6531
6511
6532
6533
6513
6534
6514
6535
6515
6536
6516
6537
6517
6538
6518
6539
6519
6540
6520
6541
6521
6542
6522
6543
6523
6544
6524
6545
6525
6546
6526
6547
6527
6548
6528
6549
6529
6550
6530
6551
6531
6552
6532
6553
6533
6554
6555
6535
6556
6536
6557
6537
6558
6538
6559
6539
6560
6540
6561
6541
6562
6542
6563
6543
6564
6544
6565
6545
6566
6546
6567
6547
6568
6548
6569
6549
6570
6550
6571
6551
6572
6552
6573
6553
6574
6554
6575
6555
6576
6577
6557
6578
6558
6579
6559
6580
6560
6581
6561
6582
6562
6583
6563
6584
6564
6585
6565
6586
6566
6587
6567
6588
6568
6589
6569
6590
6570
6591
6571
6592
6572
6593
6573
6594
6574
6595
6575
6596
6576
6597
6577
6598
6599
6579
6600
6580
6601
6581
6602
6582
6603
6583
6604
6584
6605
6585
6606
6586
6607
6587
6608
6588
6609
6589
6610
6590
6611
6591
6612
6592
6613
6593
6614
6594
6615
6595
6616
6596
6617
6597
6618
6598
6619
6599
6620
6621
6601
6622
6602
6623
6603
6624
6604
6625
6605
6626
6606
6627
6607
6628
6608
6629
6609
6630
6610
6631
6611
6632
6612
6633
6613
6634
6614
6635
6615
6636
6616
6637
6617
6638
6618
6639
6619
6640
6620
6641
6621
6642
6643
6623
6644
6624
6645
6625
6646
6626
6647
6627
6648
6628
6649
6629
6650
6630
6651
6631
6652
6632
6653
6633
6654
6634
6655
6635
6656
6636
6657
6637
6658
6638
6659
6639
6660
6640
6661
6641
6662
6642
6663
6643
6664
6665
6645
6666
6646
6667
6647
6668
6648
6669
6649
6670
6650
6671
6651
6672
6652
6673
6653
6674
6654
6675
6655
6676
6656
6677
6657
6678
6658
6679
6659
6680
6660
6681
6661
6682
6662
6683
6663
6684
6664
6685
6665
6686
6687
6667
6668
6669
6670
6671
6672
6673
6674
6675
6676
6677
6678
6679
6680
6681
6682
6683
6684
6685
6686
6687
)


// ************************************************************************* //
