/*--------------------------------*- C++ -*----------------------------------*\
| =========                 |                                                 |
| \\      /  F ield         | OpenFOAM: The Open Source CFD Toolbox           |
|  \\    /   O peration     | Version:  2112                                  |
|   \\  /    A nd           | Website:  www.openfoam.com                      |
|    \\/     M anipulation  |                                                 |
\*---------------------------------------------------------------------------*/
FoamFile
{
    version     2.0;
    format      ascii;
    arch        "LSB;label=64;scalar=64";
    note        "nPoints:680  nCells:296  nFaces:1228  nInternalFaces:548";
    class       labelList;
    location    "constant/polyMesh";
    object      owner;
}
// * * * * * * * * * * * * * * * * * * * * * * * * * * * * * * * * * * * * * //


1228
(
0
0
1
1
2
2
3
3
4
4
5
5
6
6
7
7
8
8
9
9
10
10
11
11
12
12
13
13
14
14
15
15
16
16
17
17
18
18
19
20
20
21
21
22
22
23
24
24
25
25
26
26
27
27
28
28
29
29
30
30
31
31
32
32
33
33
34
34
35
35
36
37
38
39
40
40
41
41
42
42
43
43
44
44
45
45
46
47
48
48
49
49
50
50
51
51
52
52
53
53
54
55
56
56
57
57
58
58
59
59
60
60
61
61
62
62
63
63
64
64
65
65
66
66
67
67
68
68
69
69
70
70
71
71
72
72
73
73
74
74
75
75
76
76
77
77
78
78
79
80
80
81
81
82
82
83
83
84
84
85
85
86
86
87
87
88
88
89
89
90
90
91
91
92
92
93
93
94
94
95
95
96
96
97
97
98
98
99
99
100
100
101
101
102
102
103
104
104
105
105
106
106
107
107
108
108
109
109
110
110
111
111
112
112
113
113
114
114
115
115
116
116
117
117
118
118
119
119
120
120
121
121
122
122
123
123
124
124
125
125
126
126
127
128
128
129
129
130
130
131
131
132
132
133
133
134
134
135
135
136
136
137
137
138
138
139
139
140
140
141
141
142
142
143
143
144
144
145
145
146
146
147
147
148
148
149
149
150
150
151
152
152
153
153
154
154
155
155
156
156
157
157
158
158
159
159
160
160
161
161
162
162
163
163
164
164
165
165
166
166
167
167
168
168
169
169
170
170
171
171
172
172
173
173
174
174
175
176
176
177
177
178
178
179
179
180
180
181
181
182
182
183
183
184
184
185
185
186
186
187
187
188
188
189
189
190
190
191
191
192
192
193
193
194
194
195
195
196
196
197
197
198
198
199
200
200
201
201
202
202
203
203
204
204
205
205
206
206
207
207
208
208
209
209
210
210
211
211
212
212
213
213
214
214
215
215
216
216
217
217
218
218
219
219
220
220
221
221
222
222
223
224
224
225
225
226
226
227
227
228
228
229
229
230
230
231
231
232
232
233
233
234
234
235
235
236
236
237
237
238
238
239
239
240
240
241
241
242
242
243
243
244
244
245
245
246
246
247
248
248
249
249
250
250
251
251
252
252
253
253
254
254
255
255
256
256
257
257
258
258
259
259
260
260
261
261
262
262
263
263
264
264
265
265
266
266
267
267
268
268
269
269
270
270
271
272
273
274
275
276
277
278
279
280
281
282
283
284
285
286
287
288
289
290
291
292
293
294
79
103
127
151
175
199
223
247
271
295
0
4
8
12
16
20
24
28
32
36
272
273
274
275
276
277
278
279
280
281
282
283
284
285
286
287
288
289
290
291
292
293
294
295
54
55
36
37
38
39
0
1
2
3
40
41
56
57
58
59
60
61
62
63
64
65
66
67
68
69
70
71
72
73
74
75
76
77
78
79
19
23
48
49
46
47
152
176
0
4
8
12
1
5
9
13
2
6
10
14
3
7
11
15
0
4
8
12
1
5
9
13
2
6
10
14
3
7
11
15
16
20
17
21
18
22
19
23
16
20
17
21
18
22
19
23
24
28
32
36
25
29
33
37
26
30
34
38
27
31
35
39
24
28
32
36
25
29
33
37
26
30
34
38
27
31
35
39
40
42
44
46
41
43
45
47
40
42
44
46
41
43
45
47
48
50
52
54
49
51
53
55
48
50
52
54
49
51
53
55
56
80
104
128
57
81
105
129
58
82
106
130
59
83
107
131
60
84
108
132
61
85
109
133
62
86
110
134
63
87
111
135
64
88
112
136
65
89
113
137
66
90
114
138
67
91
115
139
68
92
116
140
69
93
117
141
70
94
118
142
71
95
119
143
72
96
120
144
73
97
121
145
74
98
122
146
75
99
123
147
76
100
124
148
77
101
125
149
78
102
126
150
79
103
127
151
56
80
104
128
57
81
105
129
58
82
106
130
59
83
107
131
60
84
108
132
61
85
109
133
62
86
110
134
63
87
111
135
64
88
112
136
65
89
113
137
66
90
114
138
67
91
115
139
68
92
116
140
69
93
117
141
70
94
118
142
71
95
119
143
72
96
120
144
73
97
121
145
74
98
122
146
75
99
123
147
76
100
124
148
77
101
125
149
78
102
126
150
79
103
127
151
152
176
153
177
154
178
155
179
156
180
157
181
158
182
159
183
160
184
161
185
162
186
163
187
164
188
165
189
166
190
167
191
168
192
169
193
170
194
171
195
172
196
173
197
174
198
175
199
152
176
153
177
154
178
155
179
156
180
157
181
158
182
159
183
160
184
161
185
162
186
163
187
164
188
165
189
166
190
167
191
168
192
169
193
170
194
171
195
172
196
173
197
174
198
175
199
200
224
248
272
201
225
249
273
202
226
250
274
203
227
251
275
204
228
252
276
205
229
253
277
206
230
254
278
207
231
255
279
208
232
256
280
209
233
257
281
210
234
258
282
211
235
259
283
212
236
260
284
213
237
261
285
214
238
262
286
215
239
263
287
216
240
264
288
217
241
265
289
218
242
266
290
219
243
267
291
220
244
268
292
221
245
269
293
222
246
270
294
223
247
271
295
200
224
248
272
201
225
249
273
202
226
250
274
203
227
251
275
204
228
252
276
205
229
253
277
206
230
254
278
207
231
255
279
208
232
256
280
209
233
257
281
210
234
258
282
211
235
259
283
212
236
260
284
213
237
261
285
214
238
262
286
215
239
263
287
216
240
264
288
217
241
265
289
218
242
266
290
219
243
267
291
220
244
268
292
221
245
269
293
222
246
270
294
223
247
271
295
)


// ************************************************************************* //
