/*--------------------------------*- C++ -*----------------------------------*\
| =========                 |                                                 |
| \\      /  F ield         | OpenFOAM: The Open Source CFD Toolbox           |
|  \\    /   O peration     | Version:  plus                                  |
|   \\  /    A nd           | Website:  www.openfoam.com                      |
|    \\/     M anipulation  |                                                 |
\*---------------------------------------------------------------------------*/
FoamFile
{
    version     2.0;
    format      ascii;
    class       labelList;
    note        "nPoints:15204  nCells:7200  nFaces:29200  nInternalFaces:14000";
    location    "constant/solid/polyMesh";
    object      neighbour;
}
// * * * * * * * * * * * * * * * * * * * * * * * * * * * * * * * * * * * * * //


14000
(
1
20
2
21
3
22
4
23
5
24
6
25
7
26
8
27
9
28
10
29
11
30
12
31
13
32
14
33
15
34
16
35
17
36
18
37
19
38
39
21
40
22
41
23
42
24
43
25
44
26
45
27
46
28
47
29
48
30
49
31
50
32
51
33
52
34
53
35
54
36
55
37
56
38
57
39
58
59
41
60
42
61
43
62
44
63
45
64
46
65
47
66
48
67
49
68
50
69
51
70
52
71
53
72
54
73
55
74
56
75
57
76
58
77
59
78
79
61
80
62
81
63
82
64
83
65
84
66
85
67
86
68
87
69
88
70
89
71
90
72
91
73
92
74
93
75
94
76
95
77
96
78
97
79
98
99
81
100
82
101
83
102
84
103
85
104
86
105
87
106
88
107
89
108
90
109
91
110
92
111
93
112
94
113
95
114
96
115
97
116
98
117
99
118
119
101
120
102
121
103
122
104
123
105
124
106
125
107
126
108
127
109
128
110
129
111
130
112
131
113
132
114
133
115
134
116
135
117
136
118
137
119
138
139
121
140
122
141
123
142
124
143
125
144
126
145
127
146
128
147
129
148
130
149
131
150
132
151
133
152
134
153
135
154
136
155
137
156
138
157
139
158
159
141
160
142
161
143
162
144
163
145
164
146
165
147
166
148
167
149
168
150
169
151
170
152
171
153
172
154
173
155
174
156
175
157
176
158
177
159
178
179
161
180
162
181
163
182
164
183
165
184
166
185
167
186
168
187
169
188
170
189
171
190
172
191
173
192
174
193
175
194
176
195
177
196
178
197
179
198
199
181
200
182
201
183
202
184
203
185
204
186
205
187
206
188
207
189
208
190
209
191
210
192
211
193
212
194
213
195
214
196
215
197
216
198
217
199
218
219
201
220
202
221
203
222
204
223
205
224
206
225
207
226
208
227
209
228
210
229
211
230
212
231
213
232
214
233
215
234
216
235
217
236
218
237
219
238
239
221
240
222
241
223
242
224
243
225
244
226
245
227
246
228
247
229
248
230
249
231
250
232
251
233
252
234
253
235
254
236
255
237
256
238
257
239
258
259
241
260
242
261
243
262
244
263
245
264
246
265
247
266
248
267
249
268
250
269
251
270
252
271
253
272
254
273
255
274
256
275
257
276
258
277
259
278
279
261
280
262
281
263
282
264
283
265
284
266
285
267
286
268
287
269
288
270
289
271
290
272
291
273
292
274
293
275
294
276
295
277
296
278
297
279
298
299
281
300
282
301
283
302
284
303
285
304
286
305
287
306
288
307
289
308
290
309
291
310
292
311
293
312
294
313
295
314
296
315
297
316
298
317
299
318
319
301
320
302
321
303
322
304
323
305
324
306
325
307
326
308
327
309
328
310
329
311
330
312
331
313
332
314
333
315
334
316
335
317
336
318
337
319
338
339
321
340
322
341
323
342
324
343
325
344
326
345
327
346
328
347
329
348
330
349
331
350
332
351
333
352
334
353
335
354
336
355
337
356
338
357
339
358
359
341
360
342
361
343
362
344
363
345
364
346
365
347
366
348
367
349
368
350
369
351
370
352
371
353
372
354
373
355
374
356
375
357
376
358
377
359
378
379
361
380
362
381
363
382
364
383
365
384
366
385
367
386
368
387
369
388
370
389
371
390
372
391
373
392
374
393
375
394
376
395
377
396
378
397
379
398
399
381
400
382
401
383
402
384
403
385
404
386
405
387
406
388
407
389
408
390
409
391
410
392
411
393
412
394
413
395
414
396
415
397
416
398
417
399
418
419
401
420
402
421
403
422
404
423
405
424
406
425
407
426
408
427
409
428
410
429
411
430
412
431
413
432
414
433
415
434
416
435
417
436
418
437
419
438
439
421
440
422
441
423
442
424
443
425
444
426
445
427
446
428
447
429
448
430
449
431
450
432
451
433
452
434
453
435
454
436
455
437
456
438
457
439
458
459
441
460
442
461
443
462
444
463
445
464
446
465
447
466
448
467
449
468
450
469
451
470
452
471
453
472
454
473
455
474
456
475
457
476
458
477
459
478
479
461
480
462
481
463
482
464
483
465
484
466
485
467
486
468
487
469
488
470
489
471
490
472
491
473
492
474
493
475
494
476
495
477
496
478
497
479
498
499
481
500
482
501
483
502
484
503
485
504
486
505
487
506
488
507
489
508
490
509
491
510
492
511
493
512
494
513
495
514
496
515
497
516
498
517
499
518
519
501
520
502
521
503
522
504
523
505
524
506
525
507
526
508
527
509
528
510
529
511
530
512
531
513
532
514
533
515
534
516
535
517
536
518
537
519
538
539
521
540
522
541
523
542
524
543
525
544
526
545
527
546
528
547
529
548
530
549
531
550
532
551
533
552
534
553
535
554
536
555
537
556
538
557
539
558
559
541
560
542
561
543
562
544
563
545
564
546
565
547
566
548
567
549
568
550
569
551
570
552
571
553
572
554
573
555
574
556
575
557
576
558
577
559
578
579
561
580
562
581
563
582
564
583
565
584
566
585
567
586
568
587
569
588
570
589
571
590
572
591
573
592
574
593
575
594
576
595
577
596
578
597
579
598
599
581
600
582
601
583
602
584
603
585
604
586
605
587
606
588
607
589
608
590
609
591
610
592
611
593
612
594
613
595
614
596
615
597
616
598
617
599
618
619
601
620
602
621
603
622
604
623
605
624
606
625
607
626
608
627
609
628
610
629
611
630
612
631
613
632
614
633
615
634
616
635
617
636
618
637
619
638
639
621
640
622
641
623
642
624
643
625
644
626
645
627
646
628
647
629
648
630
649
631
650
632
651
633
652
634
653
635
654
636
655
637
656
638
657
639
658
659
641
660
642
661
643
662
644
663
645
664
646
665
647
666
648
667
649
668
650
669
651
670
652
671
653
672
654
673
655
674
656
675
657
676
658
677
659
678
679
661
680
662
681
663
682
664
683
665
684
666
685
667
686
668
687
669
688
670
689
671
690
672
691
673
692
674
693
675
694
676
695
677
696
678
697
679
698
699
681
700
682
701
683
702
684
703
685
704
686
705
687
706
688
707
689
708
690
709
691
710
692
711
693
712
694
713
695
714
696
715
697
716
698
717
699
718
719
701
720
702
721
703
722
704
723
705
724
706
725
707
726
708
727
709
728
710
729
711
730
712
731
713
732
714
733
715
734
716
735
717
736
718
737
719
738
739
721
740
722
741
723
742
724
743
725
744
726
745
727
746
728
747
729
748
730
749
731
750
732
751
733
752
734
753
735
754
736
755
737
756
738
757
739
758
759
741
760
742
761
743
762
744
763
745
764
746
765
747
766
748
767
749
768
750
769
751
770
752
771
753
772
754
773
755
774
756
775
757
776
758
777
759
778
779
761
780
762
781
763
782
764
783
765
784
766
785
767
786
768
787
769
788
770
789
771
790
772
791
773
792
774
793
775
794
776
795
777
796
778
797
779
798
799
781
800
782
801
783
802
784
803
785
804
786
805
787
806
788
807
789
808
790
809
791
810
792
811
793
812
794
813
795
814
796
815
797
816
798
817
799
818
819
801
820
802
821
803
822
804
823
805
824
806
825
807
826
808
827
809
828
810
829
811
830
812
831
813
832
814
833
815
834
816
835
817
836
818
837
819
838
839
821
840
822
841
823
842
824
843
825
844
826
845
827
846
828
847
829
848
830
849
831
850
832
851
833
852
834
853
835
854
836
855
837
856
838
857
839
858
859
841
860
842
861
843
862
844
863
845
864
846
865
847
866
848
867
849
868
850
869
851
870
852
871
853
872
854
873
855
874
856
875
857
876
858
877
859
878
879
861
880
862
881
863
882
864
883
865
884
866
885
867
886
868
887
869
888
870
889
871
890
872
891
873
892
874
893
875
894
876
895
877
896
878
897
879
898
899
881
900
882
901
883
902
884
903
885
904
886
905
887
906
888
907
889
908
890
909
891
910
892
911
893
912
894
913
895
914
896
915
897
916
898
917
899
918
919
901
920
902
921
903
922
904
923
905
924
906
925
907
926
908
927
909
928
910
929
911
930
912
931
913
932
914
933
915
934
916
935
917
936
918
937
919
938
939
921
940
922
941
923
942
924
943
925
944
926
945
927
946
928
947
929
948
930
949
931
950
932
951
933
952
934
953
935
954
936
955
937
956
938
957
939
958
959
941
960
942
961
943
962
944
963
945
964
946
965
947
966
948
967
949
968
950
969
951
970
952
971
953
972
954
973
955
974
956
975
957
976
958
977
959
978
979
961
980
962
981
963
982
964
983
965
984
966
985
967
986
968
987
969
988
970
989
971
990
972
991
973
992
974
993
975
994
976
995
977
996
978
997
979
998
999
981
1000
982
1001
983
1002
984
1003
985
1004
986
1005
987
1006
988
1007
989
1008
990
1009
991
1010
992
1011
993
1012
994
1013
995
1014
996
1015
997
1016
998
1017
999
1018
1019
1001
1020
1002
1021
1003
1022
1004
1023
1005
1024
1006
1025
1007
1026
1008
1027
1009
1028
1010
1029
1011
1030
1012
1031
1013
1032
1014
1033
1015
1034
1016
1035
1017
1036
1018
1037
1019
1038
1039
1021
1040
1022
1041
1023
1042
1024
1043
1025
1044
1026
1045
1027
1046
1028
1047
1029
1048
1030
1049
1031
1050
1032
1051
1033
1052
1034
1053
1035
1054
1036
1055
1037
1056
1038
1057
1039
1058
1059
1041
1060
1042
1061
1043
1062
1044
1063
1045
1064
1046
1065
1047
1066
1048
1067
1049
1068
1050
1069
1051
1070
1052
1071
1053
1072
1054
1073
1055
1074
1056
1075
1057
1076
1058
1077
1059
1078
1079
1061
1080
1062
1081
1063
1082
1064
1083
1065
1084
1066
1085
1067
1086
1068
1087
1069
1088
1070
1089
1071
1090
1072
1091
1073
1092
1074
1093
1075
1094
1076
1095
1077
1096
1078
1097
1079
1098
1099
1081
1100
1082
1101
1083
1102
1084
1103
1085
1104
1086
1105
1087
1106
1088
1107
1089
1108
1090
1109
1091
1110
1092
1111
1093
1112
1094
1113
1095
1114
1096
1115
1097
1116
1098
1117
1099
1118
1119
1101
1120
1102
1121
1103
1122
1104
1123
1105
1124
1106
1125
1107
1126
1108
1127
1109
1128
1110
1129
1111
1130
1112
1131
1113
1132
1114
1133
1115
1134
1116
1135
1117
1136
1118
1137
1119
1138
1139
1121
1140
1122
1141
1123
1142
1124
1143
1125
1144
1126
1145
1127
1146
1128
1147
1129
1148
1130
1149
1131
1150
1132
1151
1133
1152
1134
1153
1135
1154
1136
1155
1137
1156
1138
1157
1139
1158
1159
1141
1160
1142
1161
1143
1162
1144
1163
1145
1164
1146
1165
1147
1166
1148
1167
1149
1168
1150
1169
1151
1170
1152
1171
1153
1172
1154
1173
1155
1174
1156
1175
1157
1176
1158
1177
1159
1178
1179
1161
1180
1162
1181
1163
1182
1164
1183
1165
1184
1166
1185
1167
1186
1168
1187
1169
1188
1170
1189
1171
1190
1172
1191
1173
1192
1174
1193
1175
1194
1176
1195
1177
1196
1178
1197
1179
1198
1199
1181
1200
1182
1201
1183
1202
1184
1203
1185
1204
1186
1205
1187
1206
1188
1207
1189
1208
1190
1209
1191
1210
1192
1211
1193
1212
1194
1213
1195
1214
1196
1215
1197
1216
1198
1217
1199
1218
1219
1201
1220
1202
1221
1203
1222
1204
1223
1205
1224
1206
1225
1207
1226
1208
1227
1209
1228
1210
1229
1211
1230
1212
1231
1213
1232
1214
1233
1215
1234
1216
1235
1217
1236
1218
1237
1219
1238
1239
1600
1221
1240
1222
1241
1223
1242
1224
1243
1225
1244
1226
1245
1227
1246
1228
1247
1229
1248
1230
1249
1231
1250
1232
1251
1233
1252
1234
1253
1235
1254
1236
1255
1237
1256
1238
1257
1239
1258
1259
1660
1241
1260
1242
1261
1243
1262
1244
1263
1245
1264
1246
1265
1247
1266
1248
1267
1249
1268
1250
1269
1251
1270
1252
1271
1253
1272
1254
1273
1255
1274
1256
1275
1257
1276
1258
1277
1259
1278
1279
1720
1261
1280
1262
1281
1263
1282
1264
1283
1265
1284
1266
1285
1267
1286
1268
1287
1269
1288
1270
1289
1271
1290
1272
1291
1273
1292
1274
1293
1275
1294
1276
1295
1277
1296
1278
1297
1279
1298
1299
1780
1281
1300
1282
1301
1283
1302
1284
1303
1285
1304
1286
1305
1287
1306
1288
1307
1289
1308
1290
1309
1291
1310
1292
1311
1293
1312
1294
1313
1295
1314
1296
1315
1297
1316
1298
1317
1299
1318
1319
1840
1301
1320
1302
1321
1303
1322
1304
1323
1305
1324
1306
1325
1307
1326
1308
1327
1309
1328
1310
1329
1311
1330
1312
1331
1313
1332
1314
1333
1315
1334
1316
1335
1317
1336
1318
1337
1319
1338
1339
1900
1321
1340
1322
1341
1323
1342
1324
1343
1325
1344
1326
1345
1327
1346
1328
1347
1329
1348
1330
1349
1331
1350
1332
1351
1333
1352
1334
1353
1335
1354
1336
1355
1337
1356
1338
1357
1339
1358
1359
1960
1341
1360
1342
1361
1343
1362
1344
1363
1345
1364
1346
1365
1347
1366
1348
1367
1349
1368
1350
1369
1351
1370
1352
1371
1353
1372
1354
1373
1355
1374
1356
1375
1357
1376
1358
1377
1359
1378
1379
2020
1361
1380
1362
1381
1363
1382
1364
1383
1365
1384
1366
1385
1367
1386
1368
1387
1369
1388
1370
1389
1371
1390
1372
1391
1373
1392
1374
1393
1375
1394
1376
1395
1377
1396
1378
1397
1379
1398
1399
2080
1381
1400
1382
1401
1383
1402
1384
1403
1385
1404
1386
1405
1387
1406
1388
1407
1389
1408
1390
1409
1391
1410
1392
1411
1393
1412
1394
1413
1395
1414
1396
1415
1397
1416
1398
1417
1399
1418
1419
2140
1401
1420
1402
1421
1403
1422
1404
1423
1405
1424
1406
1425
1407
1426
1408
1427
1409
1428
1410
1429
1411
1430
1412
1431
1413
1432
1414
1433
1415
1434
1416
1435
1417
1436
1418
1437
1419
1438
1439
2200
1421
1440
1422
1441
1423
1442
1424
1443
1425
1444
1426
1445
1427
1446
1428
1447
1429
1448
1430
1449
1431
1450
1432
1451
1433
1452
1434
1453
1435
1454
1436
1455
1437
1456
1438
1457
1439
1458
1459
2260
1441
1460
1442
1461
1443
1462
1444
1463
1445
1464
1446
1465
1447
1466
1448
1467
1449
1468
1450
1469
1451
1470
1452
1471
1453
1472
1454
1473
1455
1474
1456
1475
1457
1476
1458
1477
1459
1478
1479
2320
1461
1480
1462
1481
1463
1482
1464
1483
1465
1484
1466
1485
1467
1486
1468
1487
1469
1488
1470
1489
1471
1490
1472
1491
1473
1492
1474
1493
1475
1494
1476
1495
1477
1496
1478
1497
1479
1498
1499
2380
1481
1500
1482
1501
1483
1502
1484
1503
1485
1504
1486
1505
1487
1506
1488
1507
1489
1508
1490
1509
1491
1510
1492
1511
1493
1512
1494
1513
1495
1514
1496
1515
1497
1516
1498
1517
1499
1518
1519
2440
1501
1520
1502
1521
1503
1522
1504
1523
1505
1524
1506
1525
1507
1526
1508
1527
1509
1528
1510
1529
1511
1530
1512
1531
1513
1532
1514
1533
1515
1534
1516
1535
1517
1536
1518
1537
1519
1538
1539
2500
1521
1540
1522
1541
1523
1542
1524
1543
1525
1544
1526
1545
1527
1546
1528
1547
1529
1548
1530
1549
1531
1550
1532
1551
1533
1552
1534
1553
1535
1554
1536
1555
1537
1556
1538
1557
1539
1558
1559
2560
1541
1560
1542
1561
1543
1562
1544
1563
1545
1564
1546
1565
1547
1566
1548
1567
1549
1568
1550
1569
1551
1570
1552
1571
1553
1572
1554
1573
1555
1574
1556
1575
1557
1576
1558
1577
1559
1578
1579
2620
1561
1580
1562
1581
1563
1582
1564
1583
1565
1584
1566
1585
1567
1586
1568
1587
1569
1588
1570
1589
1571
1590
1572
1591
1573
1592
1574
1593
1575
1594
1576
1595
1577
1596
1578
1597
1579
1598
1599
2680
1581
1582
1583
1584
1585
1586
1587
1588
1589
1590
1591
1592
1593
1594
1595
1596
1597
1598
1599
2740
1601
1660
1602
1661
1603
1662
1604
1663
1605
1664
1606
1665
1607
1666
1608
1667
1609
1668
1610
1669
1611
1670
1612
1671
1613
1672
1614
1673
1615
1674
1616
1675
1617
1676
1618
1677
1619
1678
1620
1679
1621
1680
1622
1681
1623
1682
1624
1683
1625
1684
1626
1685
1627
1686
1628
1687
1629
1688
1630
1689
1631
1690
1632
1691
1633
1692
1634
1693
1635
1694
1636
1695
1637
1696
1638
1697
1639
1698
1640
1699
1641
1700
1642
1701
1643
1702
1644
1703
1645
1704
1646
1705
1647
1706
1648
1707
1649
1708
1650
1709
1651
1710
1652
1711
1653
1712
1654
1713
1655
1714
1656
1715
1657
1716
1658
1717
1659
1718
1719
1661
1720
1662
1721
1663
1722
1664
1723
1665
1724
1666
1725
1667
1726
1668
1727
1669
1728
1670
1729
1671
1730
1672
1731
1673
1732
1674
1733
1675
1734
1676
1735
1677
1736
1678
1737
1679
1738
1680
1739
1681
1740
1682
1741
1683
1742
1684
1743
1685
1744
1686
1745
1687
1746
1688
1747
1689
1748
1690
1749
1691
1750
1692
1751
1693
1752
1694
1753
1695
1754
1696
1755
1697
1756
1698
1757
1699
1758
1700
1759
1701
1760
1702
1761
1703
1762
1704
1763
1705
1764
1706
1765
1707
1766
1708
1767
1709
1768
1710
1769
1711
1770
1712
1771
1713
1772
1714
1773
1715
1774
1716
1775
1717
1776
1718
1777
1719
1778
1779
1721
1780
1722
1781
1723
1782
1724
1783
1725
1784
1726
1785
1727
1786
1728
1787
1729
1788
1730
1789
1731
1790
1732
1791
1733
1792
1734
1793
1735
1794
1736
1795
1737
1796
1738
1797
1739
1798
1740
1799
1741
1800
1742
1801
1743
1802
1744
1803
1745
1804
1746
1805
1747
1806
1748
1807
1749
1808
1750
1809
1751
1810
1752
1811
1753
1812
1754
1813
1755
1814
1756
1815
1757
1816
1758
1817
1759
1818
1760
1819
1761
1820
1762
1821
1763
1822
1764
1823
1765
1824
1766
1825
1767
1826
1768
1827
1769
1828
1770
1829
1771
1830
1772
1831
1773
1832
1774
1833
1775
1834
1776
1835
1777
1836
1778
1837
1779
1838
1839
1781
1840
1782
1841
1783
1842
1784
1843
1785
1844
1786
1845
1787
1846
1788
1847
1789
1848
1790
1849
1791
1850
1792
1851
1793
1852
1794
1853
1795
1854
1796
1855
1797
1856
1798
1857
1799
1858
1800
1859
1801
1860
1802
1861
1803
1862
1804
1863
1805
1864
1806
1865
1807
1866
1808
1867
1809
1868
1810
1869
1811
1870
1812
1871
1813
1872
1814
1873
1815
1874
1816
1875
1817
1876
1818
1877
1819
1878
1820
1879
1821
1880
1822
1881
1823
1882
1824
1883
1825
1884
1826
1885
1827
1886
1828
1887
1829
1888
1830
1889
1831
1890
1832
1891
1833
1892
1834
1893
1835
1894
1836
1895
1837
1896
1838
1897
1839
1898
1899
1841
1900
1842
1901
1843
1902
1844
1903
1845
1904
1846
1905
1847
1906
1848
1907
1849
1908
1850
1909
1851
1910
1852
1911
1853
1912
1854
1913
1855
1914
1856
1915
1857
1916
1858
1917
1859
1918
1860
1919
1861
1920
1862
1921
1863
1922
1864
1923
1865
1924
1866
1925
1867
1926
1868
1927
1869
1928
1870
1929
1871
1930
1872
1931
1873
1932
1874
1933
1875
1934
1876
1935
1877
1936
1878
1937
1879
1938
1880
1939
1881
1940
1882
1941
1883
1942
1884
1943
1885
1944
1886
1945
1887
1946
1888
1947
1889
1948
1890
1949
1891
1950
1892
1951
1893
1952
1894
1953
1895
1954
1896
1955
1897
1956
1898
1957
1899
1958
1959
1901
1960
1902
1961
1903
1962
1904
1963
1905
1964
1906
1965
1907
1966
1908
1967
1909
1968
1910
1969
1911
1970
1912
1971
1913
1972
1914
1973
1915
1974
1916
1975
1917
1976
1918
1977
1919
1978
1920
1979
1921
1980
1922
1981
1923
1982
1924
1983
1925
1984
1926
1985
1927
1986
1928
1987
1929
1988
1930
1989
1931
1990
1932
1991
1933
1992
1934
1993
1935
1994
1936
1995
1937
1996
1938
1997
1939
1998
1940
1999
1941
2000
1942
2001
1943
2002
1944
2003
1945
2004
1946
2005
1947
2006
1948
2007
1949
2008
1950
2009
1951
2010
1952
2011
1953
2012
1954
2013
1955
2014
1956
2015
1957
2016
1958
2017
1959
2018
2019
1961
2020
1962
2021
1963
2022
1964
2023
1965
2024
1966
2025
1967
2026
1968
2027
1969
2028
1970
2029
1971
2030
1972
2031
1973
2032
1974
2033
1975
2034
1976
2035
1977
2036
1978
2037
1979
2038
1980
2039
1981
2040
1982
2041
1983
2042
1984
2043
1985
2044
1986
2045
1987
2046
1988
2047
1989
2048
1990
2049
1991
2050
1992
2051
1993
2052
1994
2053
1995
2054
1996
2055
1997
2056
1998
2057
1999
2058
2000
2059
2001
2060
2002
2061
2003
2062
2004
2063
2005
2064
2006
2065
2007
2066
2008
2067
2009
2068
2010
2069
2011
2070
2012
2071
2013
2072
2014
2073
2015
2074
2016
2075
2017
2076
2018
2077
2019
2078
2079
2021
2080
2022
2081
2023
2082
2024
2083
2025
2084
2026
2085
2027
2086
2028
2087
2029
2088
2030
2089
2031
2090
2032
2091
2033
2092
2034
2093
2035
2094
2036
2095
2037
2096
2038
2097
2039
2098
2040
2099
2041
2100
2042
2101
2043
2102
2044
2103
2045
2104
2046
2105
2047
2106
2048
2107
2049
2108
2050
2109
2051
2110
2052
2111
2053
2112
2054
2113
2055
2114
2056
2115
2057
2116
2058
2117
2059
2118
2060
2119
2061
2120
2062
2121
2063
2122
2064
2123
2065
2124
2066
2125
2067
2126
2068
2127
2069
2128
2070
2129
2071
2130
2072
2131
2073
2132
2074
2133
2075
2134
2076
2135
2077
2136
2078
2137
2079
2138
2139
2081
2140
2082
2141
2083
2142
2084
2143
2085
2144
2086
2145
2087
2146
2088
2147
2089
2148
2090
2149
2091
2150
2092
2151
2093
2152
2094
2153
2095
2154
2096
2155
2097
2156
2098
2157
2099
2158
2100
2159
2101
2160
2102
2161
2103
2162
2104
2163
2105
2164
2106
2165
2107
2166
2108
2167
2109
2168
2110
2169
2111
2170
2112
2171
2113
2172
2114
2173
2115
2174
2116
2175
2117
2176
2118
2177
2119
2178
2120
2179
2121
2180
2122
2181
2123
2182
2124
2183
2125
2184
2126
2185
2127
2186
2128
2187
2129
2188
2130
2189
2131
2190
2132
2191
2133
2192
2134
2193
2135
2194
2136
2195
2137
2196
2138
2197
2139
2198
2199
2141
2200
2142
2201
2143
2202
2144
2203
2145
2204
2146
2205
2147
2206
2148
2207
2149
2208
2150
2209
2151
2210
2152
2211
2153
2212
2154
2213
2155
2214
2156
2215
2157
2216
2158
2217
2159
2218
2160
2219
2161
2220
2162
2221
2163
2222
2164
2223
2165
2224
2166
2225
2167
2226
2168
2227
2169
2228
2170
2229
2171
2230
2172
2231
2173
2232
2174
2233
2175
2234
2176
2235
2177
2236
2178
2237
2179
2238
2180
2239
2181
2240
2182
2241
2183
2242
2184
2243
2185
2244
2186
2245
2187
2246
2188
2247
2189
2248
2190
2249
2191
2250
2192
2251
2193
2252
2194
2253
2195
2254
2196
2255
2197
2256
2198
2257
2199
2258
2259
2201
2260
2202
2261
2203
2262
2204
2263
2205
2264
2206
2265
2207
2266
2208
2267
2209
2268
2210
2269
2211
2270
2212
2271
2213
2272
2214
2273
2215
2274
2216
2275
2217
2276
2218
2277
2219
2278
2220
2279
2221
2280
2222
2281
2223
2282
2224
2283
2225
2284
2226
2285
2227
2286
2228
2287
2229
2288
2230
2289
2231
2290
2232
2291
2233
2292
2234
2293
2235
2294
2236
2295
2237
2296
2238
2297
2239
2298
2240
2299
2241
2300
2242
2301
2243
2302
2244
2303
2245
2304
2246
2305
2247
2306
2248
2307
2249
2308
2250
2309
2251
2310
2252
2311
2253
2312
2254
2313
2255
2314
2256
2315
2257
2316
2258
2317
2259
2318
2319
2261
2320
2262
2321
2263
2322
2264
2323
2265
2324
2266
2325
2267
2326
2268
2327
2269
2328
2270
2329
2271
2330
2272
2331
2273
2332
2274
2333
2275
2334
2276
2335
2277
2336
2278
2337
2279
2338
2280
2339
2281
2340
2282
2341
2283
2342
2284
2343
2285
2344
2286
2345
2287
2346
2288
2347
2289
2348
2290
2349
2291
2350
2292
2351
2293
2352
2294
2353
2295
2354
2296
2355
2297
2356
2298
2357
2299
2358
2300
2359
2301
2360
2302
2361
2303
2362
2304
2363
2305
2364
2306
2365
2307
2366
2308
2367
2309
2368
2310
2369
2311
2370
2312
2371
2313
2372
2314
2373
2315
2374
2316
2375
2317
2376
2318
2377
2319
2378
2379
2321
2380
2322
2381
2323
2382
2324
2383
2325
2384
2326
2385
2327
2386
2328
2387
2329
2388
2330
2389
2331
2390
2332
2391
2333
2392
2334
2393
2335
2394
2336
2395
2337
2396
2338
2397
2339
2398
2340
2399
2341
2400
2342
2401
2343
2402
2344
2403
2345
2404
2346
2405
2347
2406
2348
2407
2349
2408
2350
2409
2351
2410
2352
2411
2353
2412
2354
2413
2355
2414
2356
2415
2357
2416
2358
2417
2359
2418
2360
2419
2361
2420
2362
2421
2363
2422
2364
2423
2365
2424
2366
2425
2367
2426
2368
2427
2369
2428
2370
2429
2371
2430
2372
2431
2373
2432
2374
2433
2375
2434
2376
2435
2377
2436
2378
2437
2379
2438
2439
2381
2440
2382
2441
2383
2442
2384
2443
2385
2444
2386
2445
2387
2446
2388
2447
2389
2448
2390
2449
2391
2450
2392
2451
2393
2452
2394
2453
2395
2454
2396
2455
2397
2456
2398
2457
2399
2458
2400
2459
2401
2460
2402
2461
2403
2462
2404
2463
2405
2464
2406
2465
2407
2466
2408
2467
2409
2468
2410
2469
2411
2470
2412
2471
2413
2472
2414
2473
2415
2474
2416
2475
2417
2476
2418
2477
2419
2478
2420
2479
2421
2480
2422
2481
2423
2482
2424
2483
2425
2484
2426
2485
2427
2486
2428
2487
2429
2488
2430
2489
2431
2490
2432
2491
2433
2492
2434
2493
2435
2494
2436
2495
2437
2496
2438
2497
2439
2498
2499
2441
2500
2442
2501
2443
2502
2444
2503
2445
2504
2446
2505
2447
2506
2448
2507
2449
2508
2450
2509
2451
2510
2452
2511
2453
2512
2454
2513
2455
2514
2456
2515
2457
2516
2458
2517
2459
2518
2460
2519
2461
2520
2462
2521
2463
2522
2464
2523
2465
2524
2466
2525
2467
2526
2468
2527
2469
2528
2470
2529
2471
2530
2472
2531
2473
2532
2474
2533
2475
2534
2476
2535
2477
2536
2478
2537
2479
2538
2480
2539
2481
2540
2482
2541
2483
2542
2484
2543
2485
2544
2486
2545
2487
2546
2488
2547
2489
2548
2490
2549
2491
2550
2492
2551
2493
2552
2494
2553
2495
2554
2496
2555
2497
2556
2498
2557
2499
2558
2559
2501
2560
2502
2561
2503
2562
2504
2563
2505
2564
2506
2565
2507
2566
2508
2567
2509
2568
2510
2569
2511
2570
2512
2571
2513
2572
2514
2573
2515
2574
2516
2575
2517
2576
2518
2577
2519
2578
2520
2579
2521
2580
2522
2581
2523
2582
2524
2583
2525
2584
2526
2585
2527
2586
2528
2587
2529
2588
2530
2589
2531
2590
2532
2591
2533
2592
2534
2593
2535
2594
2536
2595
2537
2596
2538
2597
2539
2598
2540
2599
2541
2600
2542
2601
2543
2602
2544
2603
2545
2604
2546
2605
2547
2606
2548
2607
2549
2608
2550
2609
2551
2610
2552
2611
2553
2612
2554
2613
2555
2614
2556
2615
2557
2616
2558
2617
2559
2618
2619
2561
2620
2562
2621
2563
2622
2564
2623
2565
2624
2566
2625
2567
2626
2568
2627
2569
2628
2570
2629
2571
2630
2572
2631
2573
2632
2574
2633
2575
2634
2576
2635
2577
2636
2578
2637
2579
2638
2580
2639
2581
2640
2582
2641
2583
2642
2584
2643
2585
2644
2586
2645
2587
2646
2588
2647
2589
2648
2590
2649
2591
2650
2592
2651
2593
2652
2594
2653
2595
2654
2596
2655
2597
2656
2598
2657
2599
2658
2600
2659
2601
2660
2602
2661
2603
2662
2604
2663
2605
2664
2606
2665
2607
2666
2608
2667
2609
2668
2610
2669
2611
2670
2612
2671
2613
2672
2614
2673
2615
2674
2616
2675
2617
2676
2618
2677
2619
2678
2679
2621
2680
2622
2681
2623
2682
2624
2683
2625
2684
2626
2685
2627
2686
2628
2687
2629
2688
2630
2689
2631
2690
2632
2691
2633
2692
2634
2693
2635
2694
2636
2695
2637
2696
2638
2697
2639
2698
2640
2699
2641
2700
2642
2701
2643
2702
2644
2703
2645
2704
2646
2705
2647
2706
2648
2707
2649
2708
2650
2709
2651
2710
2652
2711
2653
2712
2654
2713
2655
2714
2656
2715
2657
2716
2658
2717
2659
2718
2660
2719
2661
2720
2662
2721
2663
2722
2664
2723
2665
2724
2666
2725
2667
2726
2668
2727
2669
2728
2670
2729
2671
2730
2672
2731
2673
2732
2674
2733
2675
2734
2676
2735
2677
2736
2678
2737
2679
2738
2739
2681
2740
2682
2741
2683
2742
2684
2743
2685
2744
2686
2745
2687
2746
2688
2747
2689
2748
2690
2749
2691
2750
2692
2751
2693
2752
2694
2753
2695
2754
2696
2755
2697
2756
2698
2757
2699
2758
2700
2759
2701
2760
2702
2761
2703
2762
2704
2763
2705
2764
2706
2765
2707
2766
2708
2767
2709
2768
2710
2769
2711
2770
2712
2771
2713
2772
2714
2773
2715
2774
2716
2775
2717
2776
2718
2777
2719
2778
2720
2779
2721
2780
2722
2781
2723
2782
2724
2783
2725
2784
2726
2785
2727
2786
2728
2787
2729
2788
2730
2789
2731
2790
2732
2791
2733
2792
2734
2793
2735
2794
2736
2795
2737
2796
2738
2797
2739
2798
2799
2741
2742
2743
2744
2745
2746
2747
2748
2749
2750
2751
2752
2753
2754
2755
2756
2757
2758
2759
2760
2761
2762
2763
2764
2765
2766
2767
2768
2769
2770
2771
2772
2773
2774
2775
2776
2777
2778
2779
2780
2781
2782
2783
2784
2785
2786
2787
2788
2789
2790
2791
2792
2793
2794
2795
2796
2797
2798
2799
2801
2860
2802
2861
2803
2862
2804
2863
2805
2864
2806
2865
2807
2866
2808
2867
2809
2868
2810
2869
2811
2870
2812
2871
2813
2872
2814
2873
2815
2874
2816
2875
2817
2876
2818
2877
2819
2878
2820
2879
2821
2880
2822
2881
2823
2882
2824
2883
2825
2884
2826
2885
2827
2886
2828
2887
2829
2888
2830
2889
2831
2890
2832
2891
2833
2892
2834
2893
2835
2894
2836
2895
2837
2896
2838
2897
2839
2898
2840
2899
2841
2900
2842
2901
2843
2902
2844
2903
2845
2904
2846
2905
2847
2906
2848
2907
2849
2908
2850
2909
2851
2910
2852
2911
2853
2912
2854
2913
2855
2914
2856
2915
2857
2916
2858
2917
2859
2918
2919
4000
2861
2920
2862
2921
2863
2922
2864
2923
2865
2924
2866
2925
2867
2926
2868
2927
2869
2928
2870
2929
2871
2930
2872
2931
2873
2932
2874
2933
2875
2934
2876
2935
2877
2936
2878
2937
2879
2938
2880
2939
2881
2940
2882
2941
2883
2942
2884
2943
2885
2944
2886
2945
2887
2946
2888
2947
2889
2948
2890
2949
2891
2950
2892
2951
2893
2952
2894
2953
2895
2954
2896
2955
2897
2956
2898
2957
2899
2958
2900
2959
2901
2960
2902
2961
2903
2962
2904
2963
2905
2964
2906
2965
2907
2966
2908
2967
2909
2968
2910
2969
2911
2970
2912
2971
2913
2972
2914
2973
2915
2974
2916
2975
2917
2976
2918
2977
2919
2978
2979
4040
2921
2980
2922
2981
2923
2982
2924
2983
2925
2984
2926
2985
2927
2986
2928
2987
2929
2988
2930
2989
2931
2990
2932
2991
2933
2992
2934
2993
2935
2994
2936
2995
2937
2996
2938
2997
2939
2998
2940
2999
2941
3000
2942
3001
2943
3002
2944
3003
2945
3004
2946
3005
2947
3006
2948
3007
2949
3008
2950
3009
2951
3010
2952
3011
2953
3012
2954
3013
2955
3014
2956
3015
2957
3016
2958
3017
2959
3018
2960
3019
2961
3020
2962
3021
2963
3022
2964
3023
2965
3024
2966
3025
2967
3026
2968
3027
2969
3028
2970
3029
2971
3030
2972
3031
2973
3032
2974
3033
2975
3034
2976
3035
2977
3036
2978
3037
2979
3038
3039
4080
2981
3040
2982
3041
2983
3042
2984
3043
2985
3044
2986
3045
2987
3046
2988
3047
2989
3048
2990
3049
2991
3050
2992
3051
2993
3052
2994
3053
2995
3054
2996
3055
2997
3056
2998
3057
2999
3058
3000
3059
3001
3060
3002
3061
3003
3062
3004
3063
3005
3064
3006
3065
3007
3066
3008
3067
3009
3068
3010
3069
3011
3070
3012
3071
3013
3072
3014
3073
3015
3074
3016
3075
3017
3076
3018
3077
3019
3078
3020
3079
3021
3080
3022
3081
3023
3082
3024
3083
3025
3084
3026
3085
3027
3086
3028
3087
3029
3088
3030
3089
3031
3090
3032
3091
3033
3092
3034
3093
3035
3094
3036
3095
3037
3096
3038
3097
3039
3098
3099
4120
3041
3100
3042
3101
3043
3102
3044
3103
3045
3104
3046
3105
3047
3106
3048
3107
3049
3108
3050
3109
3051
3110
3052
3111
3053
3112
3054
3113
3055
3114
3056
3115
3057
3116
3058
3117
3059
3118
3060
3119
3061
3120
3062
3121
3063
3122
3064
3123
3065
3124
3066
3125
3067
3126
3068
3127
3069
3128
3070
3129
3071
3130
3072
3131
3073
3132
3074
3133
3075
3134
3076
3135
3077
3136
3078
3137
3079
3138
3080
3139
3081
3140
3082
3141
3083
3142
3084
3143
3085
3144
3086
3145
3087
3146
3088
3147
3089
3148
3090
3149
3091
3150
3092
3151
3093
3152
3094
3153
3095
3154
3096
3155
3097
3156
3098
3157
3099
3158
3159
4160
3101
3160
3102
3161
3103
3162
3104
3163
3105
3164
3106
3165
3107
3166
3108
3167
3109
3168
3110
3169
3111
3170
3112
3171
3113
3172
3114
3173
3115
3174
3116
3175
3117
3176
3118
3177
3119
3178
3120
3179
3121
3180
3122
3181
3123
3182
3124
3183
3125
3184
3126
3185
3127
3186
3128
3187
3129
3188
3130
3189
3131
3190
3132
3191
3133
3192
3134
3193
3135
3194
3136
3195
3137
3196
3138
3197
3139
3198
3140
3199
3141
3200
3142
3201
3143
3202
3144
3203
3145
3204
3146
3205
3147
3206
3148
3207
3149
3208
3150
3209
3151
3210
3152
3211
3153
3212
3154
3213
3155
3214
3156
3215
3157
3216
3158
3217
3159
3218
3219
4200
3161
3220
3162
3221
3163
3222
3164
3223
3165
3224
3166
3225
3167
3226
3168
3227
3169
3228
3170
3229
3171
3230
3172
3231
3173
3232
3174
3233
3175
3234
3176
3235
3177
3236
3178
3237
3179
3238
3180
3239
3181
3240
3182
3241
3183
3242
3184
3243
3185
3244
3186
3245
3187
3246
3188
3247
3189
3248
3190
3249
3191
3250
3192
3251
3193
3252
3194
3253
3195
3254
3196
3255
3197
3256
3198
3257
3199
3258
3200
3259
3201
3260
3202
3261
3203
3262
3204
3263
3205
3264
3206
3265
3207
3266
3208
3267
3209
3268
3210
3269
3211
3270
3212
3271
3213
3272
3214
3273
3215
3274
3216
3275
3217
3276
3218
3277
3219
3278
3279
4240
3221
3280
3222
3281
3223
3282
3224
3283
3225
3284
3226
3285
3227
3286
3228
3287
3229
3288
3230
3289
3231
3290
3232
3291
3233
3292
3234
3293
3235
3294
3236
3295
3237
3296
3238
3297
3239
3298
3240
3299
3241
3300
3242
3301
3243
3302
3244
3303
3245
3304
3246
3305
3247
3306
3248
3307
3249
3308
3250
3309
3251
3310
3252
3311
3253
3312
3254
3313
3255
3314
3256
3315
3257
3316
3258
3317
3259
3318
3260
3319
3261
3320
3262
3321
3263
3322
3264
3323
3265
3324
3266
3325
3267
3326
3268
3327
3269
3328
3270
3329
3271
3330
3272
3331
3273
3332
3274
3333
3275
3334
3276
3335
3277
3336
3278
3337
3279
3338
3339
4280
3281
3340
3282
3341
3283
3342
3284
3343
3285
3344
3286
3345
3287
3346
3288
3347
3289
3348
3290
3349
3291
3350
3292
3351
3293
3352
3294
3353
3295
3354
3296
3355
3297
3356
3298
3357
3299
3358
3300
3359
3301
3360
3302
3361
3303
3362
3304
3363
3305
3364
3306
3365
3307
3366
3308
3367
3309
3368
3310
3369
3311
3370
3312
3371
3313
3372
3314
3373
3315
3374
3316
3375
3317
3376
3318
3377
3319
3378
3320
3379
3321
3380
3322
3381
3323
3382
3324
3383
3325
3384
3326
3385
3327
3386
3328
3387
3329
3388
3330
3389
3331
3390
3332
3391
3333
3392
3334
3393
3335
3394
3336
3395
3337
3396
3338
3397
3339
3398
3399
4320
3341
3400
3342
3401
3343
3402
3344
3403
3345
3404
3346
3405
3347
3406
3348
3407
3349
3408
3350
3409
3351
3410
3352
3411
3353
3412
3354
3413
3355
3414
3356
3415
3357
3416
3358
3417
3359
3418
3360
3419
3361
3420
3362
3421
3363
3422
3364
3423
3365
3424
3366
3425
3367
3426
3368
3427
3369
3428
3370
3429
3371
3430
3372
3431
3373
3432
3374
3433
3375
3434
3376
3435
3377
3436
3378
3437
3379
3438
3380
3439
3381
3440
3382
3441
3383
3442
3384
3443
3385
3444
3386
3445
3387
3446
3388
3447
3389
3448
3390
3449
3391
3450
3392
3451
3393
3452
3394
3453
3395
3454
3396
3455
3397
3456
3398
3457
3399
3458
3459
4360
3401
3460
3402
3461
3403
3462
3404
3463
3405
3464
3406
3465
3407
3466
3408
3467
3409
3468
3410
3469
3411
3470
3412
3471
3413
3472
3414
3473
3415
3474
3416
3475
3417
3476
3418
3477
3419
3478
3420
3479
3421
3480
3422
3481
3423
3482
3424
3483
3425
3484
3426
3485
3427
3486
3428
3487
3429
3488
3430
3489
3431
3490
3432
3491
3433
3492
3434
3493
3435
3494
3436
3495
3437
3496
3438
3497
3439
3498
3440
3499
3441
3500
3442
3501
3443
3502
3444
3503
3445
3504
3446
3505
3447
3506
3448
3507
3449
3508
3450
3509
3451
3510
3452
3511
3453
3512
3454
3513
3455
3514
3456
3515
3457
3516
3458
3517
3459
3518
3519
4400
3461
3520
3462
3521
3463
3522
3464
3523
3465
3524
3466
3525
3467
3526
3468
3527
3469
3528
3470
3529
3471
3530
3472
3531
3473
3532
3474
3533
3475
3534
3476
3535
3477
3536
3478
3537
3479
3538
3480
3539
3481
3540
3482
3541
3483
3542
3484
3543
3485
3544
3486
3545
3487
3546
3488
3547
3489
3548
3490
3549
3491
3550
3492
3551
3493
3552
3494
3553
3495
3554
3496
3555
3497
3556
3498
3557
3499
3558
3500
3559
3501
3560
3502
3561
3503
3562
3504
3563
3505
3564
3506
3565
3507
3566
3508
3567
3509
3568
3510
3569
3511
3570
3512
3571
3513
3572
3514
3573
3515
3574
3516
3575
3517
3576
3518
3577
3519
3578
3579
4440
3521
3580
3522
3581
3523
3582
3524
3583
3525
3584
3526
3585
3527
3586
3528
3587
3529
3588
3530
3589
3531
3590
3532
3591
3533
3592
3534
3593
3535
3594
3536
3595
3537
3596
3538
3597
3539
3598
3540
3599
3541
3600
3542
3601
3543
3602
3544
3603
3545
3604
3546
3605
3547
3606
3548
3607
3549
3608
3550
3609
3551
3610
3552
3611
3553
3612
3554
3613
3555
3614
3556
3615
3557
3616
3558
3617
3559
3618
3560
3619
3561
3620
3562
3621
3563
3622
3564
3623
3565
3624
3566
3625
3567
3626
3568
3627
3569
3628
3570
3629
3571
3630
3572
3631
3573
3632
3574
3633
3575
3634
3576
3635
3577
3636
3578
3637
3579
3638
3639
4480
3581
3640
3582
3641
3583
3642
3584
3643
3585
3644
3586
3645
3587
3646
3588
3647
3589
3648
3590
3649
3591
3650
3592
3651
3593
3652
3594
3653
3595
3654
3596
3655
3597
3656
3598
3657
3599
3658
3600
3659
3601
3660
3602
3661
3603
3662
3604
3663
3605
3664
3606
3665
3607
3666
3608
3667
3609
3668
3610
3669
3611
3670
3612
3671
3613
3672
3614
3673
3615
3674
3616
3675
3617
3676
3618
3677
3619
3678
3620
3679
3621
3680
3622
3681
3623
3682
3624
3683
3625
3684
3626
3685
3627
3686
3628
3687
3629
3688
3630
3689
3631
3690
3632
3691
3633
3692
3634
3693
3635
3694
3636
3695
3637
3696
3638
3697
3639
3698
3699
4520
3641
3700
3642
3701
3643
3702
3644
3703
3645
3704
3646
3705
3647
3706
3648
3707
3649
3708
3650
3709
3651
3710
3652
3711
3653
3712
3654
3713
3655
3714
3656
3715
3657
3716
3658
3717
3659
3718
3660
3719
3661
3720
3662
3721
3663
3722
3664
3723
3665
3724
3666
3725
3667
3726
3668
3727
3669
3728
3670
3729
3671
3730
3672
3731
3673
3732
3674
3733
3675
3734
3676
3735
3677
3736
3678
3737
3679
3738
3680
3739
3681
3740
3682
3741
3683
3742
3684
3743
3685
3744
3686
3745
3687
3746
3688
3747
3689
3748
3690
3749
3691
3750
3692
3751
3693
3752
3694
3753
3695
3754
3696
3755
3697
3756
3698
3757
3699
3758
3759
4560
3701
3760
3702
3761
3703
3762
3704
3763
3705
3764
3706
3765
3707
3766
3708
3767
3709
3768
3710
3769
3711
3770
3712
3771
3713
3772
3714
3773
3715
3774
3716
3775
3717
3776
3718
3777
3719
3778
3720
3779
3721
3780
3722
3781
3723
3782
3724
3783
3725
3784
3726
3785
3727
3786
3728
3787
3729
3788
3730
3789
3731
3790
3732
3791
3733
3792
3734
3793
3735
3794
3736
3795
3737
3796
3738
3797
3739
3798
3740
3799
3741
3800
3742
3801
3743
3802
3744
3803
3745
3804
3746
3805
3747
3806
3748
3807
3749
3808
3750
3809
3751
3810
3752
3811
3753
3812
3754
3813
3755
3814
3756
3815
3757
3816
3758
3817
3759
3818
3819
4600
3761
3820
3762
3821
3763
3822
3764
3823
3765
3824
3766
3825
3767
3826
3768
3827
3769
3828
3770
3829
3771
3830
3772
3831
3773
3832
3774
3833
3775
3834
3776
3835
3777
3836
3778
3837
3779
3838
3780
3839
3781
3840
3782
3841
3783
3842
3784
3843
3785
3844
3786
3845
3787
3846
3788
3847
3789
3848
3790
3849
3791
3850
3792
3851
3793
3852
3794
3853
3795
3854
3796
3855
3797
3856
3798
3857
3799
3858
3800
3859
3801
3860
3802
3861
3803
3862
3804
3863
3805
3864
3806
3865
3807
3866
3808
3867
3809
3868
3810
3869
3811
3870
3812
3871
3813
3872
3814
3873
3815
3874
3816
3875
3817
3876
3818
3877
3819
3878
3879
4640
3821
3880
3822
3881
3823
3882
3824
3883
3825
3884
3826
3885
3827
3886
3828
3887
3829
3888
3830
3889
3831
3890
3832
3891
3833
3892
3834
3893
3835
3894
3836
3895
3837
3896
3838
3897
3839
3898
3840
3899
3841
3900
3842
3901
3843
3902
3844
3903
3845
3904
3846
3905
3847
3906
3848
3907
3849
3908
3850
3909
3851
3910
3852
3911
3853
3912
3854
3913
3855
3914
3856
3915
3857
3916
3858
3917
3859
3918
3860
3919
3861
3920
3862
3921
3863
3922
3864
3923
3865
3924
3866
3925
3867
3926
3868
3927
3869
3928
3870
3929
3871
3930
3872
3931
3873
3932
3874
3933
3875
3934
3876
3935
3877
3936
3878
3937
3879
3938
3939
4680
3881
3940
3882
3941
3883
3942
3884
3943
3885
3944
3886
3945
3887
3946
3888
3947
3889
3948
3890
3949
3891
3950
3892
3951
3893
3952
3894
3953
3895
3954
3896
3955
3897
3956
3898
3957
3899
3958
3900
3959
3901
3960
3902
3961
3903
3962
3904
3963
3905
3964
3906
3965
3907
3966
3908
3967
3909
3968
3910
3969
3911
3970
3912
3971
3913
3972
3914
3973
3915
3974
3916
3975
3917
3976
3918
3977
3919
3978
3920
3979
3921
3980
3922
3981
3923
3982
3924
3983
3925
3984
3926
3985
3927
3986
3928
3987
3929
3988
3930
3989
3931
3990
3932
3991
3933
3992
3934
3993
3935
3994
3936
3995
3937
3996
3938
3997
3939
3998
3999
4720
3941
3942
3943
3944
3945
3946
3947
3948
3949
3950
3951
3952
3953
3954
3955
3956
3957
3958
3959
3960
3961
3962
3963
3964
3965
3966
3967
3968
3969
3970
3971
3972
3973
3974
3975
3976
3977
3978
3979
3980
3981
3982
3983
3984
3985
3986
3987
3988
3989
3990
3991
3992
3993
3994
3995
3996
3997
3998
3999
4760
4001
4040
4002
4041
4003
4042
4004
4043
4005
4044
4006
4045
4007
4046
4008
4047
4009
4048
4010
4049
4011
4050
4012
4051
4013
4052
4014
4053
4015
4054
4016
4055
4017
4056
4018
4057
4019
4058
4020
4059
4021
4060
4022
4061
4023
4062
4024
4063
4025
4064
4026
4065
4027
4066
4028
4067
4029
4068
4030
4069
4031
4070
4032
4071
4033
4072
4034
4073
4035
4074
4036
4075
4037
4076
4038
4077
4039
4078
4079
4800
4041
4080
4042
4081
4043
4082
4044
4083
4045
4084
4046
4085
4047
4086
4048
4087
4049
4088
4050
4089
4051
4090
4052
4091
4053
4092
4054
4093
4055
4094
4056
4095
4057
4096
4058
4097
4059
4098
4060
4099
4061
4100
4062
4101
4063
4102
4064
4103
4065
4104
4066
4105
4067
4106
4068
4107
4069
4108
4070
4109
4071
4110
4072
4111
4073
4112
4074
4113
4075
4114
4076
4115
4077
4116
4078
4117
4079
4118
4119
4820
4081
4120
4082
4121
4083
4122
4084
4123
4085
4124
4086
4125
4087
4126
4088
4127
4089
4128
4090
4129
4091
4130
4092
4131
4093
4132
4094
4133
4095
4134
4096
4135
4097
4136
4098
4137
4099
4138
4100
4139
4101
4140
4102
4141
4103
4142
4104
4143
4105
4144
4106
4145
4107
4146
4108
4147
4109
4148
4110
4149
4111
4150
4112
4151
4113
4152
4114
4153
4115
4154
4116
4155
4117
4156
4118
4157
4119
4158
4159
4840
4121
4160
4122
4161
4123
4162
4124
4163
4125
4164
4126
4165
4127
4166
4128
4167
4129
4168
4130
4169
4131
4170
4132
4171
4133
4172
4134
4173
4135
4174
4136
4175
4137
4176
4138
4177
4139
4178
4140
4179
4141
4180
4142
4181
4143
4182
4144
4183
4145
4184
4146
4185
4147
4186
4148
4187
4149
4188
4150
4189
4151
4190
4152
4191
4153
4192
4154
4193
4155
4194
4156
4195
4157
4196
4158
4197
4159
4198
4199
4860
4161
4200
4162
4201
4163
4202
4164
4203
4165
4204
4166
4205
4167
4206
4168
4207
4169
4208
4170
4209
4171
4210
4172
4211
4173
4212
4174
4213
4175
4214
4176
4215
4177
4216
4178
4217
4179
4218
4180
4219
4181
4220
4182
4221
4183
4222
4184
4223
4185
4224
4186
4225
4187
4226
4188
4227
4189
4228
4190
4229
4191
4230
4192
4231
4193
4232
4194
4233
4195
4234
4196
4235
4197
4236
4198
4237
4199
4238
4239
4880
4201
4240
4202
4241
4203
4242
4204
4243
4205
4244
4206
4245
4207
4246
4208
4247
4209
4248
4210
4249
4211
4250
4212
4251
4213
4252
4214
4253
4215
4254
4216
4255
4217
4256
4218
4257
4219
4258
4220
4259
4221
4260
4222
4261
4223
4262
4224
4263
4225
4264
4226
4265
4227
4266
4228
4267
4229
4268
4230
4269
4231
4270
4232
4271
4233
4272
4234
4273
4235
4274
4236
4275
4237
4276
4238
4277
4239
4278
4279
4900
4241
4280
4242
4281
4243
4282
4244
4283
4245
4284
4246
4285
4247
4286
4248
4287
4249
4288
4250
4289
4251
4290
4252
4291
4253
4292
4254
4293
4255
4294
4256
4295
4257
4296
4258
4297
4259
4298
4260
4299
4261
4300
4262
4301
4263
4302
4264
4303
4265
4304
4266
4305
4267
4306
4268
4307
4269
4308
4270
4309
4271
4310
4272
4311
4273
4312
4274
4313
4275
4314
4276
4315
4277
4316
4278
4317
4279
4318
4319
4920
4281
4320
4282
4321
4283
4322
4284
4323
4285
4324
4286
4325
4287
4326
4288
4327
4289
4328
4290
4329
4291
4330
4292
4331
4293
4332
4294
4333
4295
4334
4296
4335
4297
4336
4298
4337
4299
4338
4300
4339
4301
4340
4302
4341
4303
4342
4304
4343
4305
4344
4306
4345
4307
4346
4308
4347
4309
4348
4310
4349
4311
4350
4312
4351
4313
4352
4314
4353
4315
4354
4316
4355
4317
4356
4318
4357
4319
4358
4359
4940
4321
4360
4322
4361
4323
4362
4324
4363
4325
4364
4326
4365
4327
4366
4328
4367
4329
4368
4330
4369
4331
4370
4332
4371
4333
4372
4334
4373
4335
4374
4336
4375
4337
4376
4338
4377
4339
4378
4340
4379
4341
4380
4342
4381
4343
4382
4344
4383
4345
4384
4346
4385
4347
4386
4348
4387
4349
4388
4350
4389
4351
4390
4352
4391
4353
4392
4354
4393
4355
4394
4356
4395
4357
4396
4358
4397
4359
4398
4399
4960
4361
4400
4362
4401
4363
4402
4364
4403
4365
4404
4366
4405
4367
4406
4368
4407
4369
4408
4370
4409
4371
4410
4372
4411
4373
4412
4374
4413
4375
4414
4376
4415
4377
4416
4378
4417
4379
4418
4380
4419
4381
4420
4382
4421
4383
4422
4384
4423
4385
4424
4386
4425
4387
4426
4388
4427
4389
4428
4390
4429
4391
4430
4392
4431
4393
4432
4394
4433
4395
4434
4396
4435
4397
4436
4398
4437
4399
4438
4439
4980
4401
4440
4402
4441
4403
4442
4404
4443
4405
4444
4406
4445
4407
4446
4408
4447
4409
4448
4410
4449
4411
4450
4412
4451
4413
4452
4414
4453
4415
4454
4416
4455
4417
4456
4418
4457
4419
4458
4420
4459
4421
4460
4422
4461
4423
4462
4424
4463
4425
4464
4426
4465
4427
4466
4428
4467
4429
4468
4430
4469
4431
4470
4432
4471
4433
4472
4434
4473
4435
4474
4436
4475
4437
4476
4438
4477
4439
4478
4479
5000
4441
4480
4442
4481
4443
4482
4444
4483
4445
4484
4446
4485
4447
4486
4448
4487
4449
4488
4450
4489
4451
4490
4452
4491
4453
4492
4454
4493
4455
4494
4456
4495
4457
4496
4458
4497
4459
4498
4460
4499
4461
4500
4462
4501
4463
4502
4464
4503
4465
4504
4466
4505
4467
4506
4468
4507
4469
4508
4470
4509
4471
4510
4472
4511
4473
4512
4474
4513
4475
4514
4476
4515
4477
4516
4478
4517
4479
4518
4519
5020
4481
4520
4482
4521
4483
4522
4484
4523
4485
4524
4486
4525
4487
4526
4488
4527
4489
4528
4490
4529
4491
4530
4492
4531
4493
4532
4494
4533
4495
4534
4496
4535
4497
4536
4498
4537
4499
4538
4500
4539
4501
4540
4502
4541
4503
4542
4504
4543
4505
4544
4506
4545
4507
4546
4508
4547
4509
4548
4510
4549
4511
4550
4512
4551
4513
4552
4514
4553
4515
4554
4516
4555
4517
4556
4518
4557
4519
4558
4559
5040
4521
4560
4522
4561
4523
4562
4524
4563
4525
4564
4526
4565
4527
4566
4528
4567
4529
4568
4530
4569
4531
4570
4532
4571
4533
4572
4534
4573
4535
4574
4536
4575
4537
4576
4538
4577
4539
4578
4540
4579
4541
4580
4542
4581
4543
4582
4544
4583
4545
4584
4546
4585
4547
4586
4548
4587
4549
4588
4550
4589
4551
4590
4552
4591
4553
4592
4554
4593
4555
4594
4556
4595
4557
4596
4558
4597
4559
4598
4599
5060
4561
4600
4562
4601
4563
4602
4564
4603
4565
4604
4566
4605
4567
4606
4568
4607
4569
4608
4570
4609
4571
4610
4572
4611
4573
4612
4574
4613
4575
4614
4576
4615
4577
4616
4578
4617
4579
4618
4580
4619
4581
4620
4582
4621
4583
4622
4584
4623
4585
4624
4586
4625
4587
4626
4588
4627
4589
4628
4590
4629
4591
4630
4592
4631
4593
4632
4594
4633
4595
4634
4596
4635
4597
4636
4598
4637
4599
4638
4639
5080
4601
4640
4602
4641
4603
4642
4604
4643
4605
4644
4606
4645
4607
4646
4608
4647
4609
4648
4610
4649
4611
4650
4612
4651
4613
4652
4614
4653
4615
4654
4616
4655
4617
4656
4618
4657
4619
4658
4620
4659
4621
4660
4622
4661
4623
4662
4624
4663
4625
4664
4626
4665
4627
4666
4628
4667
4629
4668
4630
4669
4631
4670
4632
4671
4633
4672
4634
4673
4635
4674
4636
4675
4637
4676
4638
4677
4639
4678
4679
5100
4641
4680
4642
4681
4643
4682
4644
4683
4645
4684
4646
4685
4647
4686
4648
4687
4649
4688
4650
4689
4651
4690
4652
4691
4653
4692
4654
4693
4655
4694
4656
4695
4657
4696
4658
4697
4659
4698
4660
4699
4661
4700
4662
4701
4663
4702
4664
4703
4665
4704
4666
4705
4667
4706
4668
4707
4669
4708
4670
4709
4671
4710
4672
4711
4673
4712
4674
4713
4675
4714
4676
4715
4677
4716
4678
4717
4679
4718
4719
5120
4681
4720
4682
4721
4683
4722
4684
4723
4685
4724
4686
4725
4687
4726
4688
4727
4689
4728
4690
4729
4691
4730
4692
4731
4693
4732
4694
4733
4695
4734
4696
4735
4697
4736
4698
4737
4699
4738
4700
4739
4701
4740
4702
4741
4703
4742
4704
4743
4705
4744
4706
4745
4707
4746
4708
4747
4709
4748
4710
4749
4711
4750
4712
4751
4713
4752
4714
4753
4715
4754
4716
4755
4717
4756
4718
4757
4719
4758
4759
5140
4721
4760
4722
4761
4723
4762
4724
4763
4725
4764
4726
4765
4727
4766
4728
4767
4729
4768
4730
4769
4731
4770
4732
4771
4733
4772
4734
4773
4735
4774
4736
4775
4737
4776
4738
4777
4739
4778
4740
4779
4741
4780
4742
4781
4743
4782
4744
4783
4745
4784
4746
4785
4747
4786
4748
4787
4749
4788
4750
4789
4751
4790
4752
4791
4753
4792
4754
4793
4755
4794
4756
4795
4757
4796
4758
4797
4759
4798
4799
5160
4761
4762
4763
4764
4765
4766
4767
4768
4769
4770
4771
4772
4773
4774
4775
4776
4777
4778
4779
4780
4781
4782
4783
4784
4785
4786
4787
4788
4789
4790
4791
4792
4793
4794
4795
4796
4797
4798
4799
5180
4801
4820
4802
4821
4803
4822
4804
4823
4805
4824
4806
4825
4807
4826
4808
4827
4809
4828
4810
4829
4811
4830
4812
4831
4813
4832
4814
4833
4815
4834
4816
4835
4817
4836
4818
4837
4819
4838
4839
4821
4840
4822
4841
4823
4842
4824
4843
4825
4844
4826
4845
4827
4846
4828
4847
4829
4848
4830
4849
4831
4850
4832
4851
4833
4852
4834
4853
4835
4854
4836
4855
4837
4856
4838
4857
4839
4858
4859
4841
4860
4842
4861
4843
4862
4844
4863
4845
4864
4846
4865
4847
4866
4848
4867
4849
4868
4850
4869
4851
4870
4852
4871
4853
4872
4854
4873
4855
4874
4856
4875
4857
4876
4858
4877
4859
4878
4879
4861
4880
4862
4881
4863
4882
4864
4883
4865
4884
4866
4885
4867
4886
4868
4887
4869
4888
4870
4889
4871
4890
4872
4891
4873
4892
4874
4893
4875
4894
4876
4895
4877
4896
4878
4897
4879
4898
4899
4881
4900
4882
4901
4883
4902
4884
4903
4885
4904
4886
4905
4887
4906
4888
4907
4889
4908
4890
4909
4891
4910
4892
4911
4893
4912
4894
4913
4895
4914
4896
4915
4897
4916
4898
4917
4899
4918
4919
4901
4920
4902
4921
4903
4922
4904
4923
4905
4924
4906
4925
4907
4926
4908
4927
4909
4928
4910
4929
4911
4930
4912
4931
4913
4932
4914
4933
4915
4934
4916
4935
4917
4936
4918
4937
4919
4938
4939
4921
4940
4922
4941
4923
4942
4924
4943
4925
4944
4926
4945
4927
4946
4928
4947
4929
4948
4930
4949
4931
4950
4932
4951
4933
4952
4934
4953
4935
4954
4936
4955
4937
4956
4938
4957
4939
4958
4959
4941
4960
4942
4961
4943
4962
4944
4963
4945
4964
4946
4965
4947
4966
4948
4967
4949
4968
4950
4969
4951
4970
4952
4971
4953
4972
4954
4973
4955
4974
4956
4975
4957
4976
4958
4977
4959
4978
4979
4961
4980
4962
4981
4963
4982
4964
4983
4965
4984
4966
4985
4967
4986
4968
4987
4969
4988
4970
4989
4971
4990
4972
4991
4973
4992
4974
4993
4975
4994
4976
4995
4977
4996
4978
4997
4979
4998
4999
4981
5000
4982
5001
4983
5002
4984
5003
4985
5004
4986
5005
4987
5006
4988
5007
4989
5008
4990
5009
4991
5010
4992
5011
4993
5012
4994
5013
4995
5014
4996
5015
4997
5016
4998
5017
4999
5018
5019
5001
5020
5002
5021
5003
5022
5004
5023
5005
5024
5006
5025
5007
5026
5008
5027
5009
5028
5010
5029
5011
5030
5012
5031
5013
5032
5014
5033
5015
5034
5016
5035
5017
5036
5018
5037
5019
5038
5039
5021
5040
5022
5041
5023
5042
5024
5043
5025
5044
5026
5045
5027
5046
5028
5047
5029
5048
5030
5049
5031
5050
5032
5051
5033
5052
5034
5053
5035
5054
5036
5055
5037
5056
5038
5057
5039
5058
5059
5041
5060
5042
5061
5043
5062
5044
5063
5045
5064
5046
5065
5047
5066
5048
5067
5049
5068
5050
5069
5051
5070
5052
5071
5053
5072
5054
5073
5055
5074
5056
5075
5057
5076
5058
5077
5059
5078
5079
5061
5080
5062
5081
5063
5082
5064
5083
5065
5084
5066
5085
5067
5086
5068
5087
5069
5088
5070
5089
5071
5090
5072
5091
5073
5092
5074
5093
5075
5094
5076
5095
5077
5096
5078
5097
5079
5098
5099
5081
5100
5082
5101
5083
5102
5084
5103
5085
5104
5086
5105
5087
5106
5088
5107
5089
5108
5090
5109
5091
5110
5092
5111
5093
5112
5094
5113
5095
5114
5096
5115
5097
5116
5098
5117
5099
5118
5119
5101
5120
5102
5121
5103
5122
5104
5123
5105
5124
5106
5125
5107
5126
5108
5127
5109
5128
5110
5129
5111
5130
5112
5131
5113
5132
5114
5133
5115
5134
5116
5135
5117
5136
5118
5137
5119
5138
5139
5121
5140
5122
5141
5123
5142
5124
5143
5125
5144
5126
5145
5127
5146
5128
5147
5129
5148
5130
5149
5131
5150
5132
5151
5133
5152
5134
5153
5135
5154
5136
5155
5137
5156
5138
5157
5139
5158
5159
5141
5160
5142
5161
5143
5162
5144
5163
5145
5164
5146
5165
5147
5166
5148
5167
5149
5168
5150
5169
5151
5170
5152
5171
5153
5172
5154
5173
5155
5174
5156
5175
5157
5176
5158
5177
5159
5178
5179
5161
5180
5162
5181
5163
5182
5164
5183
5165
5184
5166
5185
5167
5186
5168
5187
5169
5188
5170
5189
5171
5190
5172
5191
5173
5192
5174
5193
5175
5194
5176
5195
5177
5196
5178
5197
5179
5198
5199
5181
5200
5182
5201
5183
5202
5184
5203
5185
5204
5186
5205
5187
5206
5188
5207
5189
5208
5190
5209
5191
5210
5192
5211
5193
5212
5194
5213
5195
5214
5196
5215
5197
5216
5198
5217
5199
5218
5219
5201
5220
5202
5221
5203
5222
5204
5223
5205
5224
5206
5225
5207
5226
5208
5227
5209
5228
5210
5229
5211
5230
5212
5231
5213
5232
5214
5233
5215
5234
5216
5235
5217
5236
5218
5237
5219
5238
5239
5221
5240
5222
5241
5223
5242
5224
5243
5225
5244
5226
5245
5227
5246
5228
5247
5229
5248
5230
5249
5231
5250
5232
5251
5233
5252
5234
5253
5235
5254
5236
5255
5237
5256
5238
5257
5239
5258
5259
5241
5260
5242
5261
5243
5262
5244
5263
5245
5264
5246
5265
5247
5266
5248
5267
5249
5268
5250
5269
5251
5270
5252
5271
5253
5272
5254
5273
5255
5274
5256
5275
5257
5276
5258
5277
5259
5278
5279
5261
5280
5262
5281
5263
5282
5264
5283
5265
5284
5266
5285
5267
5286
5268
5287
5269
5288
5270
5289
5271
5290
5272
5291
5273
5292
5274
5293
5275
5294
5276
5295
5277
5296
5278
5297
5279
5298
5299
5281
5300
5282
5301
5283
5302
5284
5303
5285
5304
5286
5305
5287
5306
5288
5307
5289
5308
5290
5309
5291
5310
5292
5311
5293
5312
5294
5313
5295
5314
5296
5315
5297
5316
5298
5317
5299
5318
5319
5301
5320
5302
5321
5303
5322
5304
5323
5305
5324
5306
5325
5307
5326
5308
5327
5309
5328
5310
5329
5311
5330
5312
5331
5313
5332
5314
5333
5315
5334
5316
5335
5317
5336
5318
5337
5319
5338
5339
5321
5340
5322
5341
5323
5342
5324
5343
5325
5344
5326
5345
5327
5346
5328
5347
5329
5348
5330
5349
5331
5350
5332
5351
5333
5352
5334
5353
5335
5354
5336
5355
5337
5356
5338
5357
5339
5358
5359
5341
5360
5342
5361
5343
5362
5344
5363
5345
5364
5346
5365
5347
5366
5348
5367
5349
5368
5350
5369
5351
5370
5352
5371
5353
5372
5354
5373
5355
5374
5356
5375
5357
5376
5358
5377
5359
5378
5379
5361
5380
5362
5381
5363
5382
5364
5383
5365
5384
5366
5385
5367
5386
5368
5387
5369
5388
5370
5389
5371
5390
5372
5391
5373
5392
5374
5393
5375
5394
5376
5395
5377
5396
5378
5397
5379
5398
5399
5381
5400
5382
5401
5383
5402
5384
5403
5385
5404
5386
5405
5387
5406
5388
5407
5389
5408
5390
5409
5391
5410
5392
5411
5393
5412
5394
5413
5395
5414
5396
5415
5397
5416
5398
5417
5399
5418
5419
5401
5420
5402
5421
5403
5422
5404
5423
5405
5424
5406
5425
5407
5426
5408
5427
5409
5428
5410
5429
5411
5430
5412
5431
5413
5432
5414
5433
5415
5434
5416
5435
5417
5436
5418
5437
5419
5438
5439
5421
5440
5422
5441
5423
5442
5424
5443
5425
5444
5426
5445
5427
5446
5428
5447
5429
5448
5430
5449
5431
5450
5432
5451
5433
5452
5434
5453
5435
5454
5436
5455
5437
5456
5438
5457
5439
5458
5459
5441
5460
5442
5461
5443
5462
5444
5463
5445
5464
5446
5465
5447
5466
5448
5467
5449
5468
5450
5469
5451
5470
5452
5471
5453
5472
5454
5473
5455
5474
5456
5475
5457
5476
5458
5477
5459
5478
5479
5461
5480
5462
5481
5463
5482
5464
5483
5465
5484
5466
5485
5467
5486
5468
5487
5469
5488
5470
5489
5471
5490
5472
5491
5473
5492
5474
5493
5475
5494
5476
5495
5477
5496
5478
5497
5479
5498
5499
5481
5500
5482
5501
5483
5502
5484
5503
5485
5504
5486
5505
5487
5506
5488
5507
5489
5508
5490
5509
5491
5510
5492
5511
5493
5512
5494
5513
5495
5514
5496
5515
5497
5516
5498
5517
5499
5518
5519
5501
5520
5502
5521
5503
5522
5504
5523
5505
5524
5506
5525
5507
5526
5508
5527
5509
5528
5510
5529
5511
5530
5512
5531
5513
5532
5514
5533
5515
5534
5516
5535
5517
5536
5518
5537
5519
5538
5539
5521
5540
5522
5541
5523
5542
5524
5543
5525
5544
5526
5545
5527
5546
5528
5547
5529
5548
5530
5549
5531
5550
5532
5551
5533
5552
5534
5553
5535
5554
5536
5555
5537
5556
5538
5557
5539
5558
5559
5541
5560
5542
5561
5543
5562
5544
5563
5545
5564
5546
5565
5547
5566
5548
5567
5549
5568
5550
5569
5551
5570
5552
5571
5553
5572
5554
5573
5555
5574
5556
5575
5557
5576
5558
5577
5559
5578
5579
5561
5580
5562
5581
5563
5582
5564
5583
5565
5584
5566
5585
5567
5586
5568
5587
5569
5588
5570
5589
5571
5590
5572
5591
5573
5592
5574
5593
5575
5594
5576
5595
5577
5596
5578
5597
5579
5598
5599
5581
5600
5582
5601
5583
5602
5584
5603
5585
5604
5586
5605
5587
5606
5588
5607
5589
5608
5590
5609
5591
5610
5592
5611
5593
5612
5594
5613
5595
5614
5596
5615
5597
5616
5598
5617
5599
5618
5619
5601
5620
5602
5621
5603
5622
5604
5623
5605
5624
5606
5625
5607
5626
5608
5627
5609
5628
5610
5629
5611
5630
5612
5631
5613
5632
5614
5633
5615
5634
5616
5635
5617
5636
5618
5637
5619
5638
5639
5621
5640
5622
5641
5623
5642
5624
5643
5625
5644
5626
5645
5627
5646
5628
5647
5629
5648
5630
5649
5631
5650
5632
5651
5633
5652
5634
5653
5635
5654
5636
5655
5637
5656
5638
5657
5639
5658
5659
5641
5660
5642
5661
5643
5662
5644
5663
5645
5664
5646
5665
5647
5666
5648
5667
5649
5668
5650
5669
5651
5670
5652
5671
5653
5672
5654
5673
5655
5674
5656
5675
5657
5676
5658
5677
5659
5678
5679
5661
5680
5662
5681
5663
5682
5664
5683
5665
5684
5666
5685
5667
5686
5668
5687
5669
5688
5670
5689
5671
5690
5672
5691
5673
5692
5674
5693
5675
5694
5676
5695
5677
5696
5678
5697
5679
5698
5699
5681
5700
5682
5701
5683
5702
5684
5703
5685
5704
5686
5705
5687
5706
5688
5707
5689
5708
5690
5709
5691
5710
5692
5711
5693
5712
5694
5713
5695
5714
5696
5715
5697
5716
5698
5717
5699
5718
5719
5701
5720
5702
5721
5703
5722
5704
5723
5705
5724
5706
5725
5707
5726
5708
5727
5709
5728
5710
5729
5711
5730
5712
5731
5713
5732
5714
5733
5715
5734
5716
5735
5717
5736
5718
5737
5719
5738
5739
5721
5740
5722
5741
5723
5742
5724
5743
5725
5744
5726
5745
5727
5746
5728
5747
5729
5748
5730
5749
5731
5750
5732
5751
5733
5752
5734
5753
5735
5754
5736
5755
5737
5756
5738
5757
5739
5758
5759
5741
5760
5742
5761
5743
5762
5744
5763
5745
5764
5746
5765
5747
5766
5748
5767
5749
5768
5750
5769
5751
5770
5752
5771
5753
5772
5754
5773
5755
5774
5756
5775
5757
5776
5758
5777
5759
5778
5779
5761
5780
5762
5781
5763
5782
5764
5783
5765
5784
5766
5785
5767
5786
5768
5787
5769
5788
5770
5789
5771
5790
5772
5791
5773
5792
5774
5793
5775
5794
5776
5795
5777
5796
5778
5797
5779
5798
5799
5781
5800
5782
5801
5783
5802
5784
5803
5785
5804
5786
5805
5787
5806
5788
5807
5789
5808
5790
5809
5791
5810
5792
5811
5793
5812
5794
5813
5795
5814
5796
5815
5797
5816
5798
5817
5799
5818
5819
5801
5820
5802
5821
5803
5822
5804
5823
5805
5824
5806
5825
5807
5826
5808
5827
5809
5828
5810
5829
5811
5830
5812
5831
5813
5832
5814
5833
5815
5834
5816
5835
5817
5836
5818
5837
5819
5838
5839
5821
5840
5822
5841
5823
5842
5824
5843
5825
5844
5826
5845
5827
5846
5828
5847
5829
5848
5830
5849
5831
5850
5832
5851
5833
5852
5834
5853
5835
5854
5836
5855
5837
5856
5838
5857
5839
5858
5859
5841
5860
5842
5861
5843
5862
5844
5863
5845
5864
5846
5865
5847
5866
5848
5867
5849
5868
5850
5869
5851
5870
5852
5871
5853
5872
5854
5873
5855
5874
5856
5875
5857
5876
5858
5877
5859
5878
5879
5861
5880
5862
5881
5863
5882
5864
5883
5865
5884
5866
5885
5867
5886
5868
5887
5869
5888
5870
5889
5871
5890
5872
5891
5873
5892
5874
5893
5875
5894
5876
5895
5877
5896
5878
5897
5879
5898
5899
5881
5900
5882
5901
5883
5902
5884
5903
5885
5904
5886
5905
5887
5906
5888
5907
5889
5908
5890
5909
5891
5910
5892
5911
5893
5912
5894
5913
5895
5914
5896
5915
5897
5916
5898
5917
5899
5918
5919
5901
5920
5902
5921
5903
5922
5904
5923
5905
5924
5906
5925
5907
5926
5908
5927
5909
5928
5910
5929
5911
5930
5912
5931
5913
5932
5914
5933
5915
5934
5916
5935
5917
5936
5918
5937
5919
5938
5939
5921
5940
5922
5941
5923
5942
5924
5943
5925
5944
5926
5945
5927
5946
5928
5947
5929
5948
5930
5949
5931
5950
5932
5951
5933
5952
5934
5953
5935
5954
5936
5955
5937
5956
5938
5957
5939
5958
5959
5941
5960
5942
5961
5943
5962
5944
5963
5945
5964
5946
5965
5947
5966
5948
5967
5949
5968
5950
5969
5951
5970
5952
5971
5953
5972
5954
5973
5955
5974
5956
5975
5957
5976
5958
5977
5959
5978
5979
5961
5980
5962
5981
5963
5982
5964
5983
5965
5984
5966
5985
5967
5986
5968
5987
5969
5988
5970
5989
5971
5990
5972
5991
5973
5992
5974
5993
5975
5994
5976
5995
5977
5996
5978
5997
5979
5998
5999
5981
6000
5982
6001
5983
6002
5984
6003
5985
6004
5986
6005
5987
6006
5988
6007
5989
6008
5990
6009
5991
6010
5992
6011
5993
6012
5994
6013
5995
6014
5996
6015
5997
6016
5998
6017
5999
6018
6019
6001
6020
6002
6021
6003
6022
6004
6023
6005
6024
6006
6025
6007
6026
6008
6027
6009
6028
6010
6029
6011
6030
6012
6031
6013
6032
6014
6033
6015
6034
6016
6035
6017
6036
6018
6037
6019
6038
6039
6021
6040
6022
6041
6023
6042
6024
6043
6025
6044
6026
6045
6027
6046
6028
6047
6029
6048
6030
6049
6031
6050
6032
6051
6033
6052
6034
6053
6035
6054
6036
6055
6037
6056
6038
6057
6039
6058
6059
6041
6060
6042
6061
6043
6062
6044
6063
6045
6064
6046
6065
6047
6066
6048
6067
6049
6068
6050
6069
6051
6070
6052
6071
6053
6072
6054
6073
6055
6074
6056
6075
6057
6076
6058
6077
6059
6078
6079
6061
6080
6062
6081
6063
6082
6064
6083
6065
6084
6066
6085
6067
6086
6068
6087
6069
6088
6070
6089
6071
6090
6072
6091
6073
6092
6074
6093
6075
6094
6076
6095
6077
6096
6078
6097
6079
6098
6099
6081
6100
6082
6101
6083
6102
6084
6103
6085
6104
6086
6105
6087
6106
6088
6107
6089
6108
6090
6109
6091
6110
6092
6111
6093
6112
6094
6113
6095
6114
6096
6115
6097
6116
6098
6117
6099
6118
6119
6101
6120
6102
6121
6103
6122
6104
6123
6105
6124
6106
6125
6107
6126
6108
6127
6109
6128
6110
6129
6111
6130
6112
6131
6113
6132
6114
6133
6115
6134
6116
6135
6117
6136
6118
6137
6119
6138
6139
6121
6140
6122
6141
6123
6142
6124
6143
6125
6144
6126
6145
6127
6146
6128
6147
6129
6148
6130
6149
6131
6150
6132
6151
6133
6152
6134
6153
6135
6154
6136
6155
6137
6156
6138
6157
6139
6158
6159
6141
6160
6142
6161
6143
6162
6144
6163
6145
6164
6146
6165
6147
6166
6148
6167
6149
6168
6150
6169
6151
6170
6152
6171
6153
6172
6154
6173
6155
6174
6156
6175
6157
6176
6158
6177
6159
6178
6179
6161
6180
6162
6181
6163
6182
6164
6183
6165
6184
6166
6185
6167
6186
6168
6187
6169
6188
6170
6189
6171
6190
6172
6191
6173
6192
6174
6193
6175
6194
6176
6195
6177
6196
6178
6197
6179
6198
6199
6181
6200
6182
6201
6183
6202
6184
6203
6185
6204
6186
6205
6187
6206
6188
6207
6189
6208
6190
6209
6191
6210
6192
6211
6193
6212
6194
6213
6195
6214
6196
6215
6197
6216
6198
6217
6199
6218
6219
6201
6220
6202
6221
6203
6222
6204
6223
6205
6224
6206
6225
6207
6226
6208
6227
6209
6228
6210
6229
6211
6230
6212
6231
6213
6232
6214
6233
6215
6234
6216
6235
6217
6236
6218
6237
6219
6238
6239
6221
6240
6222
6241
6223
6242
6224
6243
6225
6244
6226
6245
6227
6246
6228
6247
6229
6248
6230
6249
6231
6250
6232
6251
6233
6252
6234
6253
6235
6254
6236
6255
6237
6256
6238
6257
6239
6258
6259
6241
6260
6242
6261
6243
6262
6244
6263
6245
6264
6246
6265
6247
6266
6248
6267
6249
6268
6250
6269
6251
6270
6252
6271
6253
6272
6254
6273
6255
6274
6256
6275
6257
6276
6258
6277
6259
6278
6279
6261
6280
6262
6281
6263
6282
6264
6283
6265
6284
6266
6285
6267
6286
6268
6287
6269
6288
6270
6289
6271
6290
6272
6291
6273
6292
6274
6293
6275
6294
6276
6295
6277
6296
6278
6297
6279
6298
6299
6281
6300
6282
6301
6283
6302
6284
6303
6285
6304
6286
6305
6287
6306
6288
6307
6289
6308
6290
6309
6291
6310
6292
6311
6293
6312
6294
6313
6295
6314
6296
6315
6297
6316
6298
6317
6299
6318
6319
6301
6320
6302
6321
6303
6322
6304
6323
6305
6324
6306
6325
6307
6326
6308
6327
6309
6328
6310
6329
6311
6330
6312
6331
6313
6332
6314
6333
6315
6334
6316
6335
6317
6336
6318
6337
6319
6338
6339
6321
6340
6322
6341
6323
6342
6324
6343
6325
6344
6326
6345
6327
6346
6328
6347
6329
6348
6330
6349
6331
6350
6332
6351
6333
6352
6334
6353
6335
6354
6336
6355
6337
6356
6338
6357
6339
6358
6359
6341
6360
6342
6361
6343
6362
6344
6363
6345
6364
6346
6365
6347
6366
6348
6367
6349
6368
6350
6369
6351
6370
6352
6371
6353
6372
6354
6373
6355
6374
6356
6375
6357
6376
6358
6377
6359
6378
6379
6361
6380
6362
6381
6363
6382
6364
6383
6365
6384
6366
6385
6367
6386
6368
6387
6369
6388
6370
6389
6371
6390
6372
6391
6373
6392
6374
6393
6375
6394
6376
6395
6377
6396
6378
6397
6379
6398
6399
6381
6400
6382
6401
6383
6402
6384
6403
6385
6404
6386
6405
6387
6406
6388
6407
6389
6408
6390
6409
6391
6410
6392
6411
6393
6412
6394
6413
6395
6414
6396
6415
6397
6416
6398
6417
6399
6418
6419
6401
6420
6402
6421
6403
6422
6404
6423
6405
6424
6406
6425
6407
6426
6408
6427
6409
6428
6410
6429
6411
6430
6412
6431
6413
6432
6414
6433
6415
6434
6416
6435
6417
6436
6418
6437
6419
6438
6439
6421
6440
6422
6441
6423
6442
6424
6443
6425
6444
6426
6445
6427
6446
6428
6447
6429
6448
6430
6449
6431
6450
6432
6451
6433
6452
6434
6453
6435
6454
6436
6455
6437
6456
6438
6457
6439
6458
6459
6441
6460
6442
6461
6443
6462
6444
6463
6445
6464
6446
6465
6447
6466
6448
6467
6449
6468
6450
6469
6451
6470
6452
6471
6453
6472
6454
6473
6455
6474
6456
6475
6457
6476
6458
6477
6459
6478
6479
6461
6480
6462
6481
6463
6482
6464
6483
6465
6484
6466
6485
6467
6486
6468
6487
6469
6488
6470
6489
6471
6490
6472
6491
6473
6492
6474
6493
6475
6494
6476
6495
6477
6496
6478
6497
6479
6498
6499
6481
6500
6482
6501
6483
6502
6484
6503
6485
6504
6486
6505
6487
6506
6488
6507
6489
6508
6490
6509
6491
6510
6492
6511
6493
6512
6494
6513
6495
6514
6496
6515
6497
6516
6498
6517
6499
6518
6519
6501
6520
6502
6521
6503
6522
6504
6523
6505
6524
6506
6525
6507
6526
6508
6527
6509
6528
6510
6529
6511
6530
6512
6531
6513
6532
6514
6533
6515
6534
6516
6535
6517
6536
6518
6537
6519
6538
6539
6521
6540
6522
6541
6523
6542
6524
6543
6525
6544
6526
6545
6527
6546
6528
6547
6529
6548
6530
6549
6531
6550
6532
6551
6533
6552
6534
6553
6535
6554
6536
6555
6537
6556
6538
6557
6539
6558
6559
6541
6560
6542
6561
6543
6562
6544
6563
6545
6564
6546
6565
6547
6566
6548
6567
6549
6568
6550
6569
6551
6570
6552
6571
6553
6572
6554
6573
6555
6574
6556
6575
6557
6576
6558
6577
6559
6578
6579
6561
6580
6562
6581
6563
6582
6564
6583
6565
6584
6566
6585
6567
6586
6568
6587
6569
6588
6570
6589
6571
6590
6572
6591
6573
6592
6574
6593
6575
6594
6576
6595
6577
6596
6578
6597
6579
6598
6599
6581
6600
6582
6601
6583
6602
6584
6603
6585
6604
6586
6605
6587
6606
6588
6607
6589
6608
6590
6609
6591
6610
6592
6611
6593
6612
6594
6613
6595
6614
6596
6615
6597
6616
6598
6617
6599
6618
6619
6601
6620
6602
6621
6603
6622
6604
6623
6605
6624
6606
6625
6607
6626
6608
6627
6609
6628
6610
6629
6611
6630
6612
6631
6613
6632
6614
6633
6615
6634
6616
6635
6617
6636
6618
6637
6619
6638
6639
6621
6640
6622
6641
6623
6642
6624
6643
6625
6644
6626
6645
6627
6646
6628
6647
6629
6648
6630
6649
6631
6650
6632
6651
6633
6652
6634
6653
6635
6654
6636
6655
6637
6656
6638
6657
6639
6658
6659
6641
6660
6642
6661
6643
6662
6644
6663
6645
6664
6646
6665
6647
6666
6648
6667
6649
6668
6650
6669
6651
6670
6652
6671
6653
6672
6654
6673
6655
6674
6656
6675
6657
6676
6658
6677
6659
6678
6679
6661
6680
6662
6681
6663
6682
6664
6683
6665
6684
6666
6685
6667
6686
6668
6687
6669
6688
6670
6689
6671
6690
6672
6691
6673
6692
6674
6693
6675
6694
6676
6695
6677
6696
6678
6697
6679
6698
6699
6681
6700
6682
6701
6683
6702
6684
6703
6685
6704
6686
6705
6687
6706
6688
6707
6689
6708
6690
6709
6691
6710
6692
6711
6693
6712
6694
6713
6695
6714
6696
6715
6697
6716
6698
6717
6699
6718
6719
6701
6720
6702
6721
6703
6722
6704
6723
6705
6724
6706
6725
6707
6726
6708
6727
6709
6728
6710
6729
6711
6730
6712
6731
6713
6732
6714
6733
6715
6734
6716
6735
6717
6736
6718
6737
6719
6738
6739
6721
6740
6722
6741
6723
6742
6724
6743
6725
6744
6726
6745
6727
6746
6728
6747
6729
6748
6730
6749
6731
6750
6732
6751
6733
6752
6734
6753
6735
6754
6736
6755
6737
6756
6738
6757
6739
6758
6759
6741
6760
6742
6761
6743
6762
6744
6763
6745
6764
6746
6765
6747
6766
6748
6767
6749
6768
6750
6769
6751
6770
6752
6771
6753
6772
6754
6773
6755
6774
6756
6775
6757
6776
6758
6777
6759
6778
6779
6761
6780
6762
6781
6763
6782
6764
6783
6765
6784
6766
6785
6767
6786
6768
6787
6769
6788
6770
6789
6771
6790
6772
6791
6773
6792
6774
6793
6775
6794
6776
6795
6777
6796
6778
6797
6779
6798
6799
6781
6800
6782
6801
6783
6802
6784
6803
6785
6804
6786
6805
6787
6806
6788
6807
6789
6808
6790
6809
6791
6810
6792
6811
6793
6812
6794
6813
6795
6814
6796
6815
6797
6816
6798
6817
6799
6818
6819
6801
6820
6802
6821
6803
6822
6804
6823
6805
6824
6806
6825
6807
6826
6808
6827
6809
6828
6810
6829
6811
6830
6812
6831
6813
6832
6814
6833
6815
6834
6816
6835
6817
6836
6818
6837
6819
6838
6839
6821
6840
6822
6841
6823
6842
6824
6843
6825
6844
6826
6845
6827
6846
6828
6847
6829
6848
6830
6849
6831
6850
6832
6851
6833
6852
6834
6853
6835
6854
6836
6855
6837
6856
6838
6857
6839
6858
6859
6841
6860
6842
6861
6843
6862
6844
6863
6845
6864
6846
6865
6847
6866
6848
6867
6849
6868
6850
6869
6851
6870
6852
6871
6853
6872
6854
6873
6855
6874
6856
6875
6857
6876
6858
6877
6859
6878
6879
6861
6880
6862
6881
6863
6882
6864
6883
6865
6884
6866
6885
6867
6886
6868
6887
6869
6888
6870
6889
6871
6890
6872
6891
6873
6892
6874
6893
6875
6894
6876
6895
6877
6896
6878
6897
6879
6898
6899
6881
6900
6882
6901
6883
6902
6884
6903
6885
6904
6886
6905
6887
6906
6888
6907
6889
6908
6890
6909
6891
6910
6892
6911
6893
6912
6894
6913
6895
6914
6896
6915
6897
6916
6898
6917
6899
6918
6919
6901
6920
6902
6921
6903
6922
6904
6923
6905
6924
6906
6925
6907
6926
6908
6927
6909
6928
6910
6929
6911
6930
6912
6931
6913
6932
6914
6933
6915
6934
6916
6935
6917
6936
6918
6937
6919
6938
6939
6921
6940
6922
6941
6923
6942
6924
6943
6925
6944
6926
6945
6927
6946
6928
6947
6929
6948
6930
6949
6931
6950
6932
6951
6933
6952
6934
6953
6935
6954
6936
6955
6937
6956
6938
6957
6939
6958
6959
6941
6960
6942
6961
6943
6962
6944
6963
6945
6964
6946
6965
6947
6966
6948
6967
6949
6968
6950
6969
6951
6970
6952
6971
6953
6972
6954
6973
6955
6974
6956
6975
6957
6976
6958
6977
6959
6978
6979
6961
6980
6962
6981
6963
6982
6964
6983
6965
6984
6966
6985
6967
6986
6968
6987
6969
6988
6970
6989
6971
6990
6972
6991
6973
6992
6974
6993
6975
6994
6976
6995
6977
6996
6978
6997
6979
6998
6999
6981
7000
6982
7001
6983
7002
6984
7003
6985
7004
6986
7005
6987
7006
6988
7007
6989
7008
6990
7009
6991
7010
6992
7011
6993
7012
6994
7013
6995
7014
6996
7015
6997
7016
6998
7017
6999
7018
7019
7001
7020
7002
7021
7003
7022
7004
7023
7005
7024
7006
7025
7007
7026
7008
7027
7009
7028
7010
7029
7011
7030
7012
7031
7013
7032
7014
7033
7015
7034
7016
7035
7017
7036
7018
7037
7019
7038
7039
7021
7040
7022
7041
7023
7042
7024
7043
7025
7044
7026
7045
7027
7046
7028
7047
7029
7048
7030
7049
7031
7050
7032
7051
7033
7052
7034
7053
7035
7054
7036
7055
7037
7056
7038
7057
7039
7058
7059
7041
7060
7042
7061
7043
7062
7044
7063
7045
7064
7046
7065
7047
7066
7048
7067
7049
7068
7050
7069
7051
7070
7052
7071
7053
7072
7054
7073
7055
7074
7056
7075
7057
7076
7058
7077
7059
7078
7079
7061
7080
7062
7081
7063
7082
7064
7083
7065
7084
7066
7085
7067
7086
7068
7087
7069
7088
7070
7089
7071
7090
7072
7091
7073
7092
7074
7093
7075
7094
7076
7095
7077
7096
7078
7097
7079
7098
7099
7081
7100
7082
7101
7083
7102
7084
7103
7085
7104
7086
7105
7087
7106
7088
7107
7089
7108
7090
7109
7091
7110
7092
7111
7093
7112
7094
7113
7095
7114
7096
7115
7097
7116
7098
7117
7099
7118
7119
7101
7120
7102
7121
7103
7122
7104
7123
7105
7124
7106
7125
7107
7126
7108
7127
7109
7128
7110
7129
7111
7130
7112
7131
7113
7132
7114
7133
7115
7134
7116
7135
7117
7136
7118
7137
7119
7138
7139
7121
7140
7122
7141
7123
7142
7124
7143
7125
7144
7126
7145
7127
7146
7128
7147
7129
7148
7130
7149
7131
7150
7132
7151
7133
7152
7134
7153
7135
7154
7136
7155
7137
7156
7138
7157
7139
7158
7159
7141
7160
7142
7161
7143
7162
7144
7163
7145
7164
7146
7165
7147
7166
7148
7167
7149
7168
7150
7169
7151
7170
7152
7171
7153
7172
7154
7173
7155
7174
7156
7175
7157
7176
7158
7177
7159
7178
7179
7161
7180
7162
7181
7163
7182
7164
7183
7165
7184
7166
7185
7167
7186
7168
7187
7169
7188
7170
7189
7171
7190
7172
7191
7173
7192
7174
7193
7175
7194
7176
7195
7177
7196
7178
7197
7179
7198
7199
7181
7182
7183
7184
7185
7186
7187
7188
7189
7190
7191
7192
7193
7194
7195
7196
7197
7198
7199
)


// ************************************************************************* //
